02/26/21 07:59:02
Day of month, Time of data collection, Wind speed (kph), Visibility (km), Weather, Sky COnditions, Air Temp (C), Dewpoint (C), 6 Hour Max Temp, 6 Hour Min Temp, Relative Humidity (%), Wind Chill (C), Heat Index (C), Alitimeter Pressure (cm), Sea Level (mb), Precipitation 1h r (cm), Precipitation 3hr (cm), Precipitation 6h (cm)
26, 07:53, Calm, 16, Fair, CLR, 8.9, 3.3, , , 68%, NA, NA, 76.33, 1017.5, , , 
---
Incident number, relative time since start, timestamp
1, 0.27647008397616446, 2021-02-26 08:00:02.413148
2, 0.9463974480750039, 2021-02-26 08:00:03.083086
3, 1.4314538280013949, 2021-02-26 08:00:03.568149
4, 1.6692890890408307, 2021-02-26 08:00:03.806000
5, 1.9119758870219812, 2021-02-26 08:00:04.048687
6, 3.368513760040514, 2021-02-26 08:00:05.505227
7, 3.9442114260746166, 2021-02-26 08:00:06.080925
8, 5.872747982968576, 2021-02-26 08:00:08.009461
9, 5.90899711207021, 2021-02-26 08:00:08.045711
10, 7.3653979720547795, 2021-02-26 08:00:09.502104
11, 7.8465779080288485, 2021-02-26 08:00:09.983291
12, 8.432478326023556, 2021-02-26 08:00:10.569191
13, 9.296513298060745, 2021-02-26 08:00:11.433221
14, 10.955590622033924, 2021-02-26 08:00:13.092298
15, 11.446576817077585, 2021-02-26 08:00:13.583290
16, 11.98560786305461, 2021-02-26 08:00:14.122322
17, 12.347117488039657, 2021-02-26 08:00:14.483832
18, 13.512018383014947, 2021-02-26 08:00:15.648731
19, 13.75813263503369, 2021-02-26 08:00:15.894847
20, 14.632493784069084, 2021-02-26 08:00:16.769207
21, 15.533427727059461, 2021-02-26 08:00:17.670141
22, 15.812693056068383, 2021-02-26 08:00:17.949407
23, 16.683531587012112, 2021-02-26 08:00:18.820244
24, 17.735726039973088, 2021-02-26 08:00:19.872438
25, 18.279434703057632, 2021-02-26 08:00:20.416148
26, 19.74183350999374, 2021-02-26 08:00:21.878545
27, 19.744560773018748, 2021-02-26 08:00:21.881275
28, 20.01109245500993, 2021-02-26 08:00:22.147806
29, 21.135837501031347, 2021-02-26 08:00:23.272551
30, 21.17879055906087, 2021-02-26 08:00:23.315505
31, 22.219009794993326, 2021-02-26 08:00:24.355724
32, 22.592676765983924, 2021-02-26 08:00:24.729391
33, 25.374050876009278, 2021-02-26 08:00:27.510764
34, 27.40800441603642, 2021-02-26 08:00:29.544717
35, 29.822628002031706, 2021-02-26 08:00:31.959341
36, 30.554703289060853, 2021-02-26 08:00:32.691417
37, 31.005524154985324, 2021-02-26 08:00:33.142238
38, 32.050546211074106, 2021-02-26 08:00:34.187260
39, 32.05133488099091, 2021-02-26 08:00:34.188049
40, 32.68568264704663, 2021-02-26 08:00:34.822388
41, 33.40030935802497, 2021-02-26 08:00:35.537020
42, 34.43852991505992, 2021-02-26 08:00:36.575242
43, 34.648948751040734, 2021-02-26 08:00:36.785663
44, 35.302107142983004, 2021-02-26 08:00:37.438821
45, 35.61984682106413, 2021-02-26 08:00:37.756561
46, 36.02792503207456, 2021-02-26 08:00:38.164639
47, 36.16634721204173, 2021-02-26 08:00:38.303062
48, 36.98821748897899, 2021-02-26 08:00:39.124929
49, 37.24201832001563, 2021-02-26 08:00:39.378732
50, 37.324420114047825, 2021-02-26 08:00:39.461134
51, 38.742106794030406, 2021-02-26 08:00:40.878814
52, 41.3128819540143, 2021-02-26 08:00:43.449595
53, 42.21682768105529, 2021-02-26 08:00:44.353539
54, 42.228475108975545, 2021-02-26 08:00:44.365189
55, 43.061618119012564, 2021-02-26 08:00:45.198332
56, 43.400502361007966, 2021-02-26 08:00:45.537216
57, 43.73082033905666, 2021-02-26 08:00:45.867534
58, 44.922511034994386, 2021-02-26 08:00:47.059223
59, 45.615185738075525, 2021-02-26 08:00:47.751900
60, 46.183906783000566, 2021-02-26 08:00:48.320621
61, 47.255737079074606, 2021-02-26 08:00:49.392450
62, 49.77718562306836, 2021-02-26 08:00:51.913889
63, 50.0677279640222, 2021-02-26 08:00:52.204441
64, 50.8193090360146, 2021-02-26 08:00:52.956022
65, 51.19345861300826, 2021-02-26 08:00:53.330173
66, 52.681972182006575, 2021-02-26 08:00:54.818685
67, 52.991825548000634, 2021-02-26 08:00:55.128540
68, 53.059093776973896, 2021-02-26 08:00:55.195808
69, 54.626935422071256, 2021-02-26 08:00:56.763649
70, 54.98927861102857, 2021-02-26 08:00:57.125993
71, 55.235620807041414, 2021-02-26 08:00:57.372335
72, 55.43208579707425, 2021-02-26 08:00:57.568800
73, 57.14524180907756, 2021-02-26 08:00:59.281954
74, 57.164078027009964, 2021-02-26 08:00:59.300792
75, 57.20721698901616, 2021-02-26 08:00:59.343931
76, 57.291902536991984, 2021-02-26 08:00:59.428617
77, 57.58006638707593, 2021-02-26 08:00:59.716780
78, 58.19022680004127, 2021-02-26 08:01:00.326940
79, 58.386045488063246, 2021-02-26 08:01:00.522760
80, 59.21709907904733, 2021-02-26 08:01:01.353813
81, 59.84741642605513, 2021-02-26 08:01:01.984117
82, 60.306083795032464, 2021-02-26 08:01:02.442795
83, 61.051320099970326, 2021-02-26 08:01:03.188032
84, 61.63530884205829, 2021-02-26 08:01:03.772021
85, 62.07021810405422, 2021-02-26 08:01:04.206932
86, 62.17248946800828, 2021-02-26 08:01:04.309204
87, 62.258655395009555, 2021-02-26 08:01:04.395370
88, 63.95272658497561, 2021-02-26 08:01:06.089439
89, 64.29479962098412, 2021-02-26 08:01:06.431514
90, 65.81888626504224, 2021-02-26 08:01:07.955591
91, 66.40214737306815, 2021-02-26 08:01:08.538862
92, 67.76547414797824, 2021-02-26 08:01:09.902182
93, 68.212117727031, 2021-02-26 08:01:10.348831
94, 68.25033804203849, 2021-02-26 08:01:10.387052
95, 68.8367108880775, 2021-02-26 08:01:10.973424
96, 69.85874257597607, 2021-02-26 08:01:11.995455
97, 70.14527049497701, 2021-02-26 08:01:12.281985
98, 71.1136165310163, 2021-02-26 08:01:13.250330
99, 71.27503992605489, 2021-02-26 08:01:13.411754
100, 71.55622303904966, 2021-02-26 08:01:13.692937
101, 72.07903452997562, 2021-02-26 08:01:14.215748
102, 72.17338584002573, 2021-02-26 08:01:14.310100
103, 72.27144132100511, 2021-02-26 08:01:14.408156
104, 72.27289586700499, 2021-02-26 08:01:14.409610
105, 72.61334076803178, 2021-02-26 08:01:14.750055
106, 72.70851371099707, 2021-02-26 08:01:14.845228
107, 72.80904533003923, 2021-02-26 08:01:14.945759
108, 72.955574024003, 2021-02-26 08:01:15.092288
109, 73.44535682501737, 2021-02-26 08:01:15.582069
110, 74.36991694907192, 2021-02-26 08:01:16.506630
111, 74.47023997898214, 2021-02-26 08:01:16.606954
112, 77.78065739700105, 2021-02-26 08:01:19.917369
113, 78.35516663501039, 2021-02-26 08:01:20.491880
114, 79.46278530103154, 2021-02-26 08:01:21.599499
115, 79.9186651330674, 2021-02-26 08:01:22.055379
116, 80.86532230407465, 2021-02-26 08:01:23.002037
117, 81.53674047102686, 2021-02-26 08:01:23.673455
118, 81.94890287006274, 2021-02-26 08:01:24.085616
119, 82.31401730503421, 2021-02-26 08:01:24.450732
120, 82.41909061698243, 2021-02-26 08:01:24.555805
121, 82.7054476509802, 2021-02-26 08:01:24.842162
122, 83.05550427897833, 2021-02-26 08:01:25.192218
123, 83.35067362897098, 2021-02-26 08:01:25.487388
124, 83.66406657907646, 2021-02-26 08:01:25.800781
125, 86.84041733306367, 2021-02-26 08:01:28.977123
126, 87.1659357950557, 2021-02-26 08:01:29.302650
127, 87.2268040709896, 2021-02-26 08:01:29.363518
128, 89.38209343107883, 2021-02-26 08:01:31.518802
129, 90.38373301096726, 2021-02-26 08:01:32.520445
130, 90.67212373006623, 2021-02-26 08:01:32.808838
131, 90.99562817404512, 2021-02-26 08:01:33.132342
132, 91.13180139905307, 2021-02-26 08:01:33.268514
133, 92.008537412039, 2021-02-26 08:01:34.145248
134, 92.45794853405096, 2021-02-26 08:01:34.594663
135, 92.86376129405107, 2021-02-26 08:01:35.000473
136, 93.6482680690242, 2021-02-26 08:01:35.784978
137, 94.50427810300607, 2021-02-26 08:01:36.640992
138, 95.24797255604062, 2021-02-26 08:01:37.384686
139, 95.35245241597295, 2021-02-26 08:01:37.489167
140, 95.40277228096966, 2021-02-26 08:01:37.539487
141, 95.64100991003215, 2021-02-26 08:01:37.777724
142, 95.69117668503895, 2021-02-26 08:01:37.827891
143, 96.353856242029, 2021-02-26 08:01:38.490570
144, 96.96076305699535, 2021-02-26 08:01:39.097476
145, 96.99259306699969, 2021-02-26 08:01:39.129307
146, 97.76241350802593, 2021-02-26 08:01:39.899128
147, 98.51116862497292, 2021-02-26 08:01:40.647882
148, 98.56779722205829, 2021-02-26 08:01:40.704512
149, 98.92278312903363, 2021-02-26 08:01:41.059497
150, 98.92666835198179, 2021-02-26 08:01:41.063383
151, 99.5510011339793, 2021-02-26 08:01:41.687712
152, 99.62792486604303, 2021-02-26 08:01:41.764639
153, 102.01784954301547, 2021-02-26 08:01:44.154562
154, 103.39842145098373, 2021-02-26 08:01:45.535134
155, 103.71692976902705, 2021-02-26 08:01:45.853644
156, 103.95282711007167, 2021-02-26 08:01:46.089541
157, 104.53236596100032, 2021-02-26 08:01:46.669080
158, 105.67680171807297, 2021-02-26 08:01:47.813515
159, 106.28326980199199, 2021-02-26 08:01:48.419984
160, 106.84943346201908, 2021-02-26 08:01:48.986147
161, 107.4397811840754, 2021-02-26 08:01:49.576495
162, 110.1093025120208, 2021-02-26 08:01:52.246006
163, 111.27176152297761, 2021-02-26 08:01:53.408470
164, 111.31393691105768, 2021-02-26 08:01:53.450649
165, 111.69247096707113, 2021-02-26 08:01:53.829180
166, 112.36617213406134, 2021-02-26 08:01:54.502885
167, 112.63082213606685, 2021-02-26 08:01:54.767536
168, 112.73598426103126, 2021-02-26 08:01:54.872698
169, 113.55421479197685, 2021-02-26 08:01:55.690928
170, 113.55715771799441, 2021-02-26 08:01:55.693872
171, 113.63637788896449, 2021-02-26 08:01:55.773092
172, 113.79915111104492, 2021-02-26 08:01:55.935865
173, 113.91763026302215, 2021-02-26 08:01:56.054345
174, 115.32593741104938, 2021-02-26 08:01:57.462650
175, 115.63659763697069, 2021-02-26 08:01:57.773309
176, 115.85688132897485, 2021-02-26 08:01:57.993595
177, 116.42494647298008, 2021-02-26 08:01:58.561660
178, 116.50838849006686, 2021-02-26 08:01:58.645103
179, 117.49868051300291, 2021-02-26 08:01:59.635389
180, 118.47632234997582, 2021-02-26 08:02:00.613035
181, 119.55968900502194, 2021-02-26 08:02:01.696400
182, 119.70626129303128, 2021-02-26 08:02:01.842975
183, 122.54727757698856, 2021-02-26 08:02:04.683984
184, 122.85875391797163, 2021-02-26 08:02:04.995468
185, 123.45552120602224, 2021-02-26 08:02:05.592235
186, 124.0600305889966, 2021-02-26 08:02:06.196745
187, 125.35604536102619, 2021-02-26 08:02:07.492758
188, 125.80499338405207, 2021-02-26 08:02:07.941707
189, 126.05976613005623, 2021-02-26 08:02:08.196480
190, 126.74588976905216, 2021-02-26 08:02:08.882604
191, 126.83838611503597, 2021-02-26 08:02:08.975100
192, 127.79004442598671, 2021-02-26 08:02:09.926758
193, 127.82585291599389, 2021-02-26 08:02:09.962567
194, 128.41037758404855, 2021-02-26 08:02:10.547092
195, 129.7637974220561, 2021-02-26 08:02:11.900508
196, 130.12552762997802, 2021-02-26 08:02:12.262242
197, 130.19115911307745, 2021-02-26 08:02:12.327873
198, 130.71959967399016, 2021-02-26 08:02:12.856314
199, 132.34476869704667, 2021-02-26 08:02:14.481481
200, 133.42946142307483, 2021-02-26 08:02:15.566175
201, 134.08012219599914, 2021-02-26 08:02:16.216836
202, 134.7188439159654, 2021-02-26 08:02:16.855558
203, 134.8525205589831, 2021-02-26 08:02:16.989235
204, 136.6526969090337, 2021-02-26 08:02:18.789407
205, 137.10119416506495, 2021-02-26 08:02:19.237907
206, 137.72983902005944, 2021-02-26 08:02:19.866553
207, 138.45868378097657, 2021-02-26 08:02:20.595397
208, 138.81653474806808, 2021-02-26 08:02:20.953249
209, 140.64737257699016, 2021-02-26 08:02:22.784086
210, 140.9383359180065, 2021-02-26 08:02:23.075050
211, 140.98750930500682, 2021-02-26 08:02:23.124224
212, 141.12977176706772, 2021-02-26 08:02:23.266486
213, 141.13234316301532, 2021-02-26 08:02:23.269058
214, 141.63250122207683, 2021-02-26 08:02:23.769213
215, 141.73071262799203, 2021-02-26 08:02:23.867427
216, 141.93894006800838, 2021-02-26 08:02:24.075654
217, 142.31282332504634, 2021-02-26 08:02:24.449538
218, 144.83014825405553, 2021-02-26 08:02:26.966856
219, 144.9590410060482, 2021-02-26 08:02:27.095755
220, 146.25404395197984, 2021-02-26 08:02:28.390758
221, 146.29531867301557, 2021-02-26 08:02:28.432033
222, 148.20450715604238, 2021-02-26 08:02:30.341220
223, 148.8835741910152, 2021-02-26 08:02:31.020288
224, 150.45430084201507, 2021-02-26 08:02:32.591011
225, 150.99026361503638, 2021-02-26 08:02:33.126978
226, 151.1213669370627, 2021-02-26 08:02:33.258081
227, 152.13199791801162, 2021-02-26 08:02:34.268712
228, 154.45647810399532, 2021-02-26 08:02:36.593192
229, 155.0872278290335, 2021-02-26 08:02:37.223942
230, 157.18287994503044, 2021-02-26 08:02:39.319584
231, 157.85744560603052, 2021-02-26 08:02:39.994159
232, 159.5027260730276, 2021-02-26 08:02:41.639434
233, 160.25820584304165, 2021-02-26 08:02:42.394918
234, 160.30905847705435, 2021-02-26 08:02:42.445773
235, 160.45048386207782, 2021-02-26 08:02:42.587198
236, 160.54227387707215, 2021-02-26 08:02:42.678988
237, 161.36382156901527, 2021-02-26 08:02:43.500533
238, 162.17290773405693, 2021-02-26 08:02:44.309621
239, 163.12972825800534, 2021-02-26 08:02:45.266439
240, 163.33306459907908, 2021-02-26 08:02:45.469778
241, 163.33693853206933, 2021-02-26 08:02:45.473653
242, 166.08424339198973, 2021-02-26 08:02:48.220955
243, 166.5493662840454, 2021-02-26 08:02:48.686080
244, 167.59502648503985, 2021-02-26 08:02:49.731739
245, 167.72324766300153, 2021-02-26 08:02:49.859962
246, 169.75784322200343, 2021-02-26 08:02:51.894549
247, 169.99969053198583, 2021-02-26 08:02:52.136404
248, 170.25519660802092, 2021-02-26 08:02:52.391911
249, 171.04811481805518, 2021-02-26 08:02:53.184828
250, 171.42685084498953, 2021-02-26 08:02:53.563565
251, 171.65136084600817, 2021-02-26 08:02:53.788075
252, 172.16623807197902, 2021-02-26 08:02:54.302952
253, 172.31172894500196, 2021-02-26 08:02:54.448443
254, 172.73737459396943, 2021-02-26 08:02:54.874089
255, 173.64401225803886, 2021-02-26 08:02:55.780726
256, 174.07630079402588, 2021-02-26 08:02:56.213015
257, 174.25748147803824, 2021-02-26 08:02:56.394196
258, 174.4915764350444, 2021-02-26 08:02:56.628291
259, 174.61369926901534, 2021-02-26 08:02:56.750414
260, 175.34097509097774, 2021-02-26 08:02:57.477689
261, 177.0112668729853, 2021-02-26 08:02:59.147980
262, 177.89484940399416, 2021-02-26 08:03:00.031563
263, 178.0348976929672, 2021-02-26 08:03:00.171612
264, 178.34893601504155, 2021-02-26 08:03:00.485650
265, 179.41148442705162, 2021-02-26 08:03:01.548198
266, 179.90406016807538, 2021-02-26 08:03:02.040774
267, 180.03695750201587, 2021-02-26 08:03:02.173671
268, 181.89508231799118, 2021-02-26 08:03:04.031794
269, 182.19048561400268, 2021-02-26 08:03:04.327199
270, 185.06206371902954, 2021-02-26 08:03:07.198777
271, 186.10330726997927, 2021-02-26 08:03:08.240021
272, 186.95924217405263, 2021-02-26 08:03:09.095951
273, 187.70963946101256, 2021-02-26 08:03:09.846352
274, 188.06318594003096, 2021-02-26 08:03:10.199899
275, 188.70134128606878, 2021-02-26 08:03:10.838054
276, 189.072018556064, 2021-02-26 08:03:11.208733
277, 189.47186807496473, 2021-02-26 08:03:11.608582
278, 189.49112080503255, 2021-02-26 08:03:11.627835
279, 191.1837228559889, 2021-02-26 08:03:13.320433
280, 191.30919040599838, 2021-02-26 08:03:13.445904
281, 192.39218023000285, 2021-02-26 08:03:14.528894
282, 192.85187743999995, 2021-02-26 08:03:14.988591
283, 193.1589155800175, 2021-02-26 08:03:15.295630
284, 193.65515990299173, 2021-02-26 08:03:15.791874
285, 193.9911159289768, 2021-02-26 08:03:16.127830
286, 194.9380953090731, 2021-02-26 08:03:17.074807
287, 195.3230967130512, 2021-02-26 08:03:17.459811
288, 195.89085536298808, 2021-02-26 08:03:18.027569
289, 197.25996671803296, 2021-02-26 08:03:19.396678
290, 197.3516515759984, 2021-02-26 08:03:19.488366
291, 197.9253070850391, 2021-02-26 08:03:20.062021
292, 199.2421954619931, 2021-02-26 08:03:21.378909
293, 199.27315396105405, 2021-02-26 08:03:21.409868
294, 199.31020474305842, 2021-02-26 08:03:21.446919
295, 199.34542451798916, 2021-02-26 08:03:21.482139
296, 200.41656331904233, 2021-02-26 08:03:22.553275
297, 201.28558520006482, 2021-02-26 08:03:23.422299
298, 202.40043922699988, 2021-02-26 08:03:24.537153
299, 203.33215268305503, 2021-02-26 08:03:25.468866
300, 204.87110880506225, 2021-02-26 08:03:27.007823
301, 206.04387372999918, 2021-02-26 08:03:28.180587
302, 206.53522661398165, 2021-02-26 08:03:28.671940
303, 207.3619971689768, 2021-02-26 08:03:29.498711
304, 207.73471600806806, 2021-02-26 08:03:29.871430
305, 209.17836784606334, 2021-02-26 08:03:31.315080
306, 209.73136533307843, 2021-02-26 08:03:31.868079
307, 210.0208456449909, 2021-02-26 08:03:32.157559
308, 210.47090067202225, 2021-02-26 08:03:32.607615
309, 211.6319619100541, 2021-02-26 08:03:33.768676
310, 211.92387534899171, 2021-02-26 08:03:34.060590
311, 212.41718153096735, 2021-02-26 08:03:34.553896
312, 212.89565902901813, 2021-02-26 08:03:35.032373
313, 213.67322569701355, 2021-02-26 08:03:35.809940
314, 213.88536999200005, 2021-02-26 08:03:36.022084
315, 214.45330208400264, 2021-02-26 08:03:36.590015
316, 214.5532262820052, 2021-02-26 08:03:36.689940
317, 215.42016653402243, 2021-02-26 08:03:37.556880
318, 216.0111604940612, 2021-02-26 08:03:38.147875
319, 216.10709311405662, 2021-02-26 08:03:38.243808
320, 218.04702266003005, 2021-02-26 08:03:40.183734
321, 218.45539539400488, 2021-02-26 08:03:40.592109
322, 219.45613470906392, 2021-02-26 08:03:41.592848
323, 219.85732939396985, 2021-02-26 08:03:41.994041
324, 220.92100562003907, 2021-02-26 08:03:43.057718
325, 221.19096598098986, 2021-02-26 08:03:43.327680
326, 222.01913299702574, 2021-02-26 08:03:44.155846
327, 223.66657286102418, 2021-02-26 08:03:45.803285
328, 224.74343680904713, 2021-02-26 08:03:46.880150
329, 225.48427934001666, 2021-02-26 08:03:47.620992
330, 226.20024150598329, 2021-02-26 08:03:48.336951
331, 226.45510455407202, 2021-02-26 08:03:48.591819
332, 227.16137957200408, 2021-02-26 08:03:49.298091
333, 228.16816679597832, 2021-02-26 08:03:50.304874
334, 228.25251860101707, 2021-02-26 08:03:50.389233
335, 228.44158307102043, 2021-02-26 08:03:50.578297
336, 228.7900071539916, 2021-02-26 08:03:50.926720
337, 228.916710376041, 2021-02-26 08:03:51.053425
338, 230.04674043506384, 2021-02-26 08:03:52.183453
339, 233.35392024100292, 2021-02-26 08:03:55.490631
340, 233.68576618202496, 2021-02-26 08:03:55.822480
341, 234.01176068396308, 2021-02-26 08:03:56.148475
342, 235.02131460106466, 2021-02-26 08:03:57.158027
343, 235.24986280302983, 2021-02-26 08:03:57.386577
344, 235.74936762498692, 2021-02-26 08:03:57.886082
345, 236.5310830990784, 2021-02-26 08:03:58.667795
346, 236.54825881996658, 2021-02-26 08:03:58.684973
347, 236.59326839400455, 2021-02-26 08:03:58.729983
348, 236.9321256650146, 2021-02-26 08:03:59.068840
349, 237.82181331398897, 2021-02-26 08:03:59.958527
350, 238.12788166396786, 2021-02-26 08:04:00.264596
351, 239.5366744589992, 2021-02-26 08:04:01.673387
352, 239.632625975064, 2021-02-26 08:04:01.769340
353, 241.91983301599976, 2021-02-26 08:04:04.056542
354, 242.28034213907085, 2021-02-26 08:04:04.417055
355, 242.30572894599754, 2021-02-26 08:04:04.442443
356, 242.35394721699413, 2021-02-26 08:04:04.490661
357, 243.299854967976, 2021-02-26 08:04:05.436569
358, 244.02266978903208, 2021-02-26 08:04:06.159384
359, 244.13476442999672, 2021-02-26 08:04:06.271479
360, 244.23170974105597, 2021-02-26 08:04:06.368424
361, 244.43603403598536, 2021-02-26 08:04:06.572748
362, 246.20937000296544, 2021-02-26 08:04:08.346083
363, 246.9074482449796, 2021-02-26 08:04:09.044162
364, 247.96495212998707, 2021-02-26 08:04:10.101666
365, 248.82692877098452, 2021-02-26 08:04:10.963643
366, 250.73764652805403, 2021-02-26 08:04:12.874356
367, 252.5499210630078, 2021-02-26 08:04:14.686634
368, 252.89164354407694, 2021-02-26 08:04:15.028357
369, 252.99984829698224, 2021-02-26 08:04:15.136563
370, 253.0976389279822, 2021-02-26 08:04:15.234353
371, 254.33286377799232, 2021-02-26 08:04:16.469577
372, 254.38277118001133, 2021-02-26 08:04:16.519485
373, 254.5082899699919, 2021-02-26 08:04:16.645004
374, 254.83928662305698, 2021-02-26 08:04:16.976001
375, 255.59582943096757, 2021-02-26 08:04:17.732544
376, 255.6267821349902, 2021-02-26 08:04:17.763497
377, 255.84780330501962, 2021-02-26 08:04:17.984516
378, 256.0802051280625, 2021-02-26 08:04:18.216919
379, 257.5935591890011, 2021-02-26 08:04:19.730273
380, 258.61716792103834, 2021-02-26 08:04:20.753881
381, 259.06471476505976, 2021-02-26 08:04:21.201429
382, 259.3601949220756, 2021-02-26 08:04:21.496909
383, 259.3878039170522, 2021-02-26 08:04:21.524518
384, 260.47125489404425, 2021-02-26 08:04:22.607967
385, 261.52771783503704, 2021-02-26 08:04:23.664431
386, 261.54384825506713, 2021-02-26 08:04:23.680563
387, 261.8371186790755, 2021-02-26 08:04:23.973833
388, 262.38147320598364, 2021-02-26 08:04:24.518187
389, 262.9921812390676, 2021-02-26 08:04:25.128896
390, 263.20129462203477, 2021-02-26 08:04:25.338009
391, 263.28955189697444, 2021-02-26 08:04:25.426266
392, 263.7073595629772, 2021-02-26 08:04:25.844074
393, 263.8420464270748, 2021-02-26 08:04:25.978761
394, 264.50054574699607, 2021-02-26 08:04:26.637260
395, 264.7822830870282, 2021-02-26 08:04:26.918997
396, 266.0533025129698, 2021-02-26 08:04:28.190015
397, 267.76640242605936, 2021-02-26 08:04:29.903116
398, 268.06604276399594, 2021-02-26 08:04:30.202757
399, 268.10788432403933, 2021-02-26 08:04:30.244599
400, 268.932505388977, 2021-02-26 08:04:31.069219
401, 269.1057883310132, 2021-02-26 08:04:31.242503
402, 270.39836824696977, 2021-02-26 08:04:32.535082
403, 270.81961478304584, 2021-02-26 08:04:32.956329
404, 271.5573275000788, 2021-02-26 08:04:33.694041
405, 272.1631423110375, 2021-02-26 08:04:34.299856
406, 272.1863978100009, 2021-02-26 08:04:34.323112
407, 272.9984482510481, 2021-02-26 08:04:35.135162
408, 273.5887364690425, 2021-02-26 08:04:35.725451
409, 276.70556700602174, 2021-02-26 08:04:38.842278
410, 278.1829885430634, 2021-02-26 08:04:40.319701
411, 278.4849650580436, 2021-02-26 08:04:40.621679
412, 278.80955734907184, 2021-02-26 08:04:40.946272
413, 280.6075086550554, 2021-02-26 08:04:42.744221
414, 280.9544463850325, 2021-02-26 08:04:43.091161
415, 281.6047044240404, 2021-02-26 08:04:43.741418
416, 281.9817901890492, 2021-02-26 08:04:44.118505
417, 283.3244455100503, 2021-02-26 08:04:45.461159
418, 283.9214614899829, 2021-02-26 08:04:46.058175
419, 284.22254130698275, 2021-02-26 08:04:46.359256
420, 284.3955977259902, 2021-02-26 08:04:46.532312
421, 284.52161260007415, 2021-02-26 08:04:46.658327
422, 284.5340880790027, 2021-02-26 08:04:46.670803
423, 284.7482929540565, 2021-02-26 08:04:46.885007
424, 284.7589339800179, 2021-02-26 08:04:46.895648
425, 284.97049868199974, 2021-02-26 08:04:47.107213
426, 287.34874604898505, 2021-02-26 08:04:49.485458
427, 289.30170991900377, 2021-02-26 08:04:51.438415
428, 289.8871054899646, 2021-02-26 08:04:52.023819
429, 289.91393186606, 2021-02-26 08:04:52.050646
430, 291.0509896170115, 2021-02-26 08:04:53.187702
431, 291.93142789497506, 2021-02-26 08:04:54.068141
432, 292.27514837903436, 2021-02-26 08:04:54.411863
433, 292.5101735780481, 2021-02-26 08:04:54.646888
434, 292.5515686790459, 2021-02-26 08:04:54.688283
435, 295.490299783065, 2021-02-26 08:04:57.627013
436, 296.8473592790542, 2021-02-26 08:04:58.984073
437, 297.6199098910438, 2021-02-26 08:04:59.756624
438, 298.99222830997314, 2021-02-26 08:05:01.128942
439, 300.20119198202156, 2021-02-26 08:05:02.337900
440, 302.39636654104106, 2021-02-26 08:05:04.533079
441, 302.8509592830669, 2021-02-26 08:05:04.987673
442, 303.4236961270217, 2021-02-26 08:05:05.560410
443, 303.4624178180238, 2021-02-26 08:05:05.599132
444, 306.27038900298066, 2021-02-26 08:05:08.407101
445, 309.71740664402023, 2021-02-26 08:05:11.854119
446, 310.74441777705215, 2021-02-26 08:05:12.881131
447, 310.9857083259849, 2021-02-26 08:05:13.122423
448, 312.07789498299826, 2021-02-26 08:05:14.214609
449, 312.29205860500224, 2021-02-26 08:05:14.428773
450, 312.54915355704725, 2021-02-26 08:05:14.685868
451, 315.287780329003, 2021-02-26 08:05:17.424487
452, 316.19493757898454, 2021-02-26 08:05:18.331649
453, 316.9331853670301, 2021-02-26 08:05:19.069897
454, 317.54575018107425, 2021-02-26 08:05:19.682464
455, 318.51594733505044, 2021-02-26 08:05:20.652661
456, 319.45802937005647, 2021-02-26 08:05:21.594742
457, 320.86194668500684, 2021-02-26 08:05:22.998657
458, 322.07845359900966, 2021-02-26 08:05:24.215166
459, 322.1928711440414, 2021-02-26 08:05:24.329586
460, 322.2001859060256, 2021-02-26 08:05:24.336900
461, 322.2813847080106, 2021-02-26 08:05:24.418099
462, 322.7653920829762, 2021-02-26 08:05:24.902106
463, 324.8950684539741, 2021-02-26 08:05:27.031779
464, 325.1012188780587, 2021-02-26 08:05:27.237933
465, 325.55099143704865, 2021-02-26 08:05:27.687706
466, 325.9093786319718, 2021-02-26 08:05:28.046092
467, 326.5340452910168, 2021-02-26 08:05:28.670760
468, 328.3995602390496, 2021-02-26 08:05:30.536273
469, 328.5572690629633, 2021-02-26 08:05:30.693983
470, 328.79844002600294, 2021-02-26 08:05:30.935154
471, 330.14375154301524, 2021-02-26 08:05:32.280465
472, 330.2848199700238, 2021-02-26 08:05:32.421534
473, 330.54666038497817, 2021-02-26 08:05:32.683375
474, 331.9962408989668, 2021-02-26 08:05:34.132952
475, 332.3737497329712, 2021-02-26 08:05:34.510464
476, 332.8432304430753, 2021-02-26 08:05:34.979945
477, 333.11256854899693, 2021-02-26 08:05:35.249283
478, 333.13318951707333, 2021-02-26 08:05:35.269904
479, 334.98644548107404, 2021-02-26 08:05:37.123158
480, 335.33601090998854, 2021-02-26 08:05:37.472725
481, 335.94385713501833, 2021-02-26 08:05:38.080572
482, 336.4843313919846, 2021-02-26 08:05:38.621046
483, 336.7565266570309, 2021-02-26 08:05:38.893239
484, 337.09492896299344, 2021-02-26 08:05:39.231642
485, 337.47314922406804, 2021-02-26 08:05:39.609863
486, 337.5843474949943, 2021-02-26 08:05:39.721062
487, 338.5174781290116, 2021-02-26 08:05:40.654186
488, 338.5243463650113, 2021-02-26 08:05:40.661060
489, 338.7797643489903, 2021-02-26 08:05:40.916478
490, 341.4542327959789, 2021-02-26 08:05:43.590946
491, 341.8255187619943, 2021-02-26 08:05:43.962232
492, 341.936238310067, 2021-02-26 08:05:44.072952
493, 341.9716228019679, 2021-02-26 08:05:44.108337
494, 342.07293986098375, 2021-02-26 08:05:44.209654
495, 342.48005681100767, 2021-02-26 08:05:44.616771
496, 342.9679964040406, 2021-02-26 08:05:45.104707
497, 343.450885180966, 2021-02-26 08:05:45.587599
498, 344.0264795679832, 2021-02-26 08:05:46.163194
499, 344.4128214480588, 2021-02-26 08:05:46.549536
500, 344.54115496901795, 2021-02-26 08:05:46.677869
501, 344.58716630900744, 2021-02-26 08:05:46.723881
502, 345.61437885602936, 2021-02-26 08:05:47.751092
503, 345.7230071630329, 2021-02-26 08:05:47.859722
504, 346.13963127997704, 2021-02-26 08:05:48.276345
505, 346.40025339403655, 2021-02-26 08:05:48.536968
506, 346.5880499620689, 2021-02-26 08:05:48.724764
507, 346.7651284249732, 2021-02-26 08:05:48.901843
508, 346.76656798203476, 2021-02-26 08:05:48.903283
509, 346.97992934298236, 2021-02-26 08:05:49.116643
510, 347.25511154404376, 2021-02-26 08:05:49.391826
511, 348.0752401340287, 2021-02-26 08:05:50.211954
512, 348.7006377200596, 2021-02-26 08:05:50.837351
513, 349.60535422700923, 2021-02-26 08:05:51.742068
514, 350.4506804350531, 2021-02-26 08:05:52.587394
515, 350.92557003500406, 2021-02-26 08:05:53.062284
516, 352.2246788260527, 2021-02-26 08:05:54.361392
517, 353.27151477499865, 2021-02-26 08:05:55.408229
518, 353.38679851801135, 2021-02-26 08:05:55.523513
519, 353.59863813302945, 2021-02-26 08:05:55.735353
520, 354.34621474996675, 2021-02-26 08:05:56.482929
521, 355.12560434499756, 2021-02-26 08:05:57.262316
522, 355.6356645789929, 2021-02-26 08:05:57.772379
523, 359.82302775105927, 2021-02-26 08:06:01.959737
524, 359.92275468003936, 2021-02-26 08:06:02.059469
525, 360.3942508699838, 2021-02-26 08:06:02.530964
526, 362.0720486990176, 2021-02-26 08:06:04.208761
527, 362.77705143997446, 2021-02-26 08:06:04.913766
528, 364.15182884107344, 2021-02-26 08:06:06.288543
529, 366.9641671109712, 2021-02-26 08:06:09.100873
530, 368.11037094297353, 2021-02-26 08:06:10.247083
531, 368.8326599079883, 2021-02-26 08:06:10.969373
532, 369.23600521706976, 2021-02-26 08:06:11.372719
533, 369.28474239003845, 2021-02-26 08:06:11.421457
534, 369.9016161740292, 2021-02-26 08:06:12.038330
535, 369.9975301140221, 2021-02-26 08:06:12.134245
536, 370.2130446160445, 2021-02-26 08:06:12.349759
537, 370.34337206196506, 2021-02-26 08:06:12.480086
538, 370.5956483280752, 2021-02-26 08:06:12.732363
539, 370.9724972000113, 2021-02-26 08:06:13.109211
540, 371.60270957497414, 2021-02-26 08:06:13.739424
541, 371.7407054640353, 2021-02-26 08:06:13.877419
542, 372.8773069860181, 2021-02-26 08:06:15.014017
543, 374.1626542049926, 2021-02-26 08:06:16.299365
544, 375.49485678900965, 2021-02-26 08:06:17.631570
545, 375.9279134660028, 2021-02-26 08:06:18.064628
546, 376.0072690390516, 2021-02-26 08:06:18.143983
547, 376.29519685101695, 2021-02-26 08:06:18.431911
548, 377.0860924470471, 2021-02-26 08:06:19.222803
549, 377.98721731000114, 2021-02-26 08:06:20.123931
550, 378.3846922579687, 2021-02-26 08:06:20.521407
551, 378.5252685180167, 2021-02-26 08:06:20.661983
552, 378.7277256330708, 2021-02-26 08:06:20.864440
553, 379.71776059106924, 2021-02-26 08:06:21.854474
554, 380.5376627970254, 2021-02-26 08:06:22.674377
555, 380.8760604769923, 2021-02-26 08:06:23.012775
556, 381.17279338196386, 2021-02-26 08:06:23.309508
557, 381.24712034105323, 2021-02-26 08:06:23.383835
558, 381.64410692302044, 2021-02-26 08:06:23.780821
559, 382.1164409230696, 2021-02-26 08:06:24.253155
560, 383.83149621798657, 2021-02-26 08:06:25.968210
561, 384.3834348740056, 2021-02-26 08:06:26.520149
562, 384.93466799298767, 2021-02-26 08:06:27.071382
563, 385.4020184240071, 2021-02-26 08:06:27.538733
564, 385.538785323035, 2021-02-26 08:06:27.675500
565, 386.26264897198416, 2021-02-26 08:06:28.399363
566, 386.38766036205925, 2021-02-26 08:06:28.524375
567, 386.53401204699185, 2021-02-26 08:06:28.670727
568, 387.4568204730749, 2021-02-26 08:06:29.593534
569, 387.8633172509726, 2021-02-26 08:06:30.000032
570, 388.276201820001, 2021-02-26 08:06:30.412915
571, 388.3184589180164, 2021-02-26 08:06:30.455173
572, 388.8556348980637, 2021-02-26 08:06:30.992349
573, 389.5680513100233, 2021-02-26 08:06:31.704765
574, 390.3446138650179, 2021-02-26 08:06:32.481327
575, 391.5494728330523, 2021-02-26 08:06:33.686187
576, 391.8425125760259, 2021-02-26 08:06:33.979227
577, 392.576635458041, 2021-02-26 08:06:34.713350
578, 393.66034393699374, 2021-02-26 08:06:35.797058
579, 394.4286180729978, 2021-02-26 08:06:36.565330
580, 395.4324506620178, 2021-02-26 08:06:37.569164
581, 396.0272924200399, 2021-02-26 08:06:38.164005
582, 396.1591947460547, 2021-02-26 08:06:38.295909
583, 397.7280796930427, 2021-02-26 08:06:39.864793
584, 397.9070090430323, 2021-02-26 08:06:40.043722
585, 398.0653755420353, 2021-02-26 08:06:40.202090
586, 399.4758118860191, 2021-02-26 08:06:41.612525
587, 400.2289843329927, 2021-02-26 08:06:42.365698
588, 400.34874197805766, 2021-02-26 08:06:42.485456
589, 401.67441057402175, 2021-02-26 08:06:43.811125
590, 401.71726371801924, 2021-02-26 08:06:43.853978
591, 402.29074411897454, 2021-02-26 08:06:44.427458
592, 402.582801709068, 2021-02-26 08:06:44.719516
593, 402.83373124396894, 2021-02-26 08:06:44.970445
594, 402.9695718330331, 2021-02-26 08:06:45.106286
595, 403.2440676119877, 2021-02-26 08:06:45.380782
596, 403.68181381502654, 2021-02-26 08:06:45.818528
597, 404.12540647096466, 2021-02-26 08:06:46.262121
598, 405.6252034030622, 2021-02-26 08:06:47.761917
599, 408.08496533404104, 2021-02-26 08:06:50.221671
600, 408.2785754740471, 2021-02-26 08:06:50.415290
601, 408.7227598170284, 2021-02-26 08:06:50.859473
602, 412.09976939705666, 2021-02-26 08:06:54.236481
603, 412.98321071406826, 2021-02-26 08:06:55.119925
604, 413.00639724498615, 2021-02-26 08:06:55.143111
605, 413.744270442985, 2021-02-26 08:06:55.880984
606, 416.7380327580031, 2021-02-26 08:06:58.874745
607, 417.19639973400626, 2021-02-26 08:06:59.333113
608, 418.6463969730539, 2021-02-26 08:07:00.783110
609, 418.88861636200454, 2021-02-26 08:07:01.025331
610, 419.01515132398345, 2021-02-26 08:07:01.151866
611, 419.4060660119867, 2021-02-26 08:07:01.542780
612, 420.0130634449888, 2021-02-26 08:07:02.149777
613, 420.2641845670296, 2021-02-26 08:07:02.400899
614, 421.2474817360053, 2021-02-26 08:07:03.384195
615, 423.5914808830712, 2021-02-26 08:07:05.728194
616, 424.62836262001656, 2021-02-26 08:07:06.765077
617, 424.64893193903845, 2021-02-26 08:07:06.785646
618, 424.8212371360278, 2021-02-26 08:07:06.957951
619, 425.38463257299736, 2021-02-26 08:07:07.521342
620, 425.4725089550484, 2021-02-26 08:07:07.609223
621, 425.96072250197176, 2021-02-26 08:07:08.097437
622, 426.1861844030209, 2021-02-26 08:07:08.322899
623, 426.51028957404196, 2021-02-26 08:07:08.647004
624, 426.56249657599255, 2021-02-26 08:07:08.699211
625, 426.87127674603835, 2021-02-26 08:07:09.007991
626, 427.36937324807514, 2021-02-26 08:07:09.506087
627, 429.42385277396534, 2021-02-26 08:07:11.560565
628, 429.61308377503883, 2021-02-26 08:07:11.749798
629, 429.7897332069697, 2021-02-26 08:07:11.926448
630, 431.4201247349847, 2021-02-26 08:07:13.556839
631, 432.72533686005045, 2021-02-26 08:07:14.862049
632, 433.4404675550759, 2021-02-26 08:07:15.577181
633, 433.7591032090131, 2021-02-26 08:07:15.895817
634, 434.0397573519731, 2021-02-26 08:07:16.176472
635, 434.8306723990245, 2021-02-26 08:07:16.967387
636, 435.5211455320241, 2021-02-26 08:07:17.657860
637, 435.890956443036, 2021-02-26 08:07:18.027671
638, 436.0477412510663, 2021-02-26 08:07:18.184456
639, 436.76069127605297, 2021-02-26 08:07:18.897404
640, 437.43687691004016, 2021-02-26 08:07:19.573591
641, 439.2815062630689, 2021-02-26 08:07:21.418220
642, 439.70003360998817, 2021-02-26 08:07:21.836748
643, 440.27976583200507, 2021-02-26 08:07:22.416478
644, 440.8367294910131, 2021-02-26 08:07:22.973443
645, 441.4367992860498, 2021-02-26 08:07:23.573514
646, 442.15409845800605, 2021-02-26 08:07:24.290811
647, 442.50805771397427, 2021-02-26 08:07:24.644772
648, 443.00776242197026, 2021-02-26 08:07:25.144476
649, 443.14247448998503, 2021-02-26 08:07:25.279189
650, 444.249996914994, 2021-02-26 08:07:26.386709
651, 444.7202208910603, 2021-02-26 08:07:26.856935
652, 445.29075031902175, 2021-02-26 08:07:27.427464
653, 446.57424919703044, 2021-02-26 08:07:28.710960
654, 446.86688878398854, 2021-02-26 08:07:29.003603
655, 447.62334349402227, 2021-02-26 08:07:29.760058
656, 447.9862166059902, 2021-02-26 08:07:30.122931
657, 448.2741627730429, 2021-02-26 08:07:30.410877
658, 448.9244489739649, 2021-02-26 08:07:31.061163
659, 449.7693084520288, 2021-02-26 08:07:31.906022
660, 449.9614794299705, 2021-02-26 08:07:32.098193
661, 451.30964293901343, 2021-02-26 08:07:33.446357
662, 451.75771532102954, 2021-02-26 08:07:33.894430
663, 451.93749670905527, 2021-02-26 08:07:34.074211
664, 452.2223466070136, 2021-02-26 08:07:34.359061
665, 452.50969164806884, 2021-02-26 08:07:34.646406
666, 452.6537128359778, 2021-02-26 08:07:34.790427
667, 453.34409982396755, 2021-02-26 08:07:35.480814
668, 456.26507893099915, 2021-02-26 08:07:38.401790
669, 456.6795709839789, 2021-02-26 08:07:38.816285
670, 457.25000144704245, 2021-02-26 08:07:39.386715
671, 457.35829927097075, 2021-02-26 08:07:39.495013
672, 459.26899316196796, 2021-02-26 08:07:41.405707
673, 459.37578091199975, 2021-02-26 08:07:41.512495
674, 459.85882278403733, 2021-02-26 08:07:41.995537
675, 459.93098834203556, 2021-02-26 08:07:42.067703
676, 461.6602269819705, 2021-02-26 08:07:43.796941
677, 461.87286615604535, 2021-02-26 08:07:44.009581
678, 462.19476802507415, 2021-02-26 08:07:44.331482
679, 462.2148752870271, 2021-02-26 08:07:44.351590
680, 462.2192989040632, 2021-02-26 08:07:44.356013
681, 462.485015074024, 2021-02-26 08:07:44.621730
682, 463.26319685496856, 2021-02-26 08:07:45.399911
683, 463.4360521089984, 2021-02-26 08:07:45.572767
684, 463.8387497239746, 2021-02-26 08:07:45.975464
685, 464.8751468840055, 2021-02-26 08:07:47.011861
686, 464.96002255007625, 2021-02-26 08:07:47.096737
687, 465.9228418590501, 2021-02-26 08:07:48.059556
688, 466.7323637290392, 2021-02-26 08:07:48.869078
689, 467.48333440406714, 2021-02-26 08:07:49.620048
690, 468.5077094340231, 2021-02-26 08:07:50.644423
691, 469.3365854700096, 2021-02-26 08:07:51.473299
692, 469.65799451607745, 2021-02-26 08:07:51.794709
693, 469.9166990519734, 2021-02-26 08:07:52.053411
694, 470.1539784700144, 2021-02-26 08:07:52.290693
695, 470.5585044310428, 2021-02-26 08:07:52.695218
696, 471.74784208403435, 2021-02-26 08:07:53.884556
697, 472.054655371001, 2021-02-26 08:07:54.191369
698, 473.1475044210674, 2021-02-26 08:07:55.284215
699, 473.34272691607475, 2021-02-26 08:07:55.479441
700, 473.47530450997874, 2021-02-26 08:07:55.612019
701, 474.68608153099194, 2021-02-26 08:07:56.822795
702, 479.9528257030761, 2021-02-26 08:08:02.089534
703, 480.09655537304934, 2021-02-26 08:08:02.233268
704, 481.6435788780218, 2021-02-26 08:08:03.780291
705, 482.27001478604507, 2021-02-26 08:08:04.406729
706, 482.59399689303245, 2021-02-26 08:08:04.730711
707, 482.7116238119779, 2021-02-26 08:08:04.848338
708, 482.9467973560095, 2021-02-26 08:08:05.083511
709, 484.1119305030443, 2021-02-26 08:08:06.248644
710, 484.7678832600359, 2021-02-26 08:08:06.904597
711, 484.96372762706596, 2021-02-26 08:08:07.100441
712, 485.3006002700422, 2021-02-26 08:08:07.437314
713, 485.55291870899964, 2021-02-26 08:08:07.689633
714, 485.9310967819765, 2021-02-26 08:08:08.067811
715, 486.13139613799285, 2021-02-26 08:08:08.268110
716, 486.18162767298054, 2021-02-26 08:08:08.318342
717, 486.33829478302505, 2021-02-26 08:08:08.475009
718, 486.40744611097034, 2021-02-26 08:08:08.544160
719, 486.50630101398565, 2021-02-26 08:08:08.643015
720, 486.6445434669731, 2021-02-26 08:08:08.781258
721, 487.107357617002, 2021-02-26 08:08:09.244072
722, 487.4882899450604, 2021-02-26 08:08:09.625003
723, 487.95779092097655, 2021-02-26 08:08:10.094505
724, 488.1635340580251, 2021-02-26 08:08:10.300248
725, 488.86959120607935, 2021-02-26 08:08:11.006305
726, 489.0802399510285, 2021-02-26 08:08:11.216954
727, 489.2227697870694, 2021-02-26 08:08:11.359484
728, 489.3367977599846, 2021-02-26 08:08:11.473512
729, 489.9956862500403, 2021-02-26 08:08:12.132401
730, 490.0280395600712, 2021-02-26 08:08:12.164754
731, 490.47578126203734, 2021-02-26 08:08:12.612495
732, 490.7598008500645, 2021-02-26 08:08:12.896515
733, 491.27028362907004, 2021-02-26 08:08:13.406998
734, 492.38337235106155, 2021-02-26 08:08:14.520086
735, 492.57717994297855, 2021-02-26 08:08:14.713894
736, 495.4338532660622, 2021-02-26 08:08:17.570564
737, 495.87170532904565, 2021-02-26 08:08:18.008419
738, 496.3831907140557, 2021-02-26 08:08:18.519904
739, 496.71386332507245, 2021-02-26 08:08:18.850577
740, 497.37307054607663, 2021-02-26 08:08:19.509784
741, 497.63072524999734, 2021-02-26 08:08:19.767438
742, 498.4709154510638, 2021-02-26 08:08:20.607629
743, 498.83868397097103, 2021-02-26 08:08:20.975398
744, 498.90708465501666, 2021-02-26 08:08:21.043799
745, 499.7435422480339, 2021-02-26 08:08:21.880256
746, 499.94047455396503, 2021-02-26 08:08:22.077189
747, 500.64172192907427, 2021-02-26 08:08:22.778436
748, 500.8533619999653, 2021-02-26 08:08:22.990076
749, 502.2131080830004, 2021-02-26 08:08:24.349819
750, 502.7243360140128, 2021-02-26 08:08:24.861049
751, 503.43604050797876, 2021-02-26 08:08:25.572755
752, 504.12323719298, 2021-02-26 08:08:26.259951
753, 504.43127761397045, 2021-02-26 08:08:26.567992
754, 504.66027348604985, 2021-02-26 08:08:26.796988
755, 505.94197419798, 2021-02-26 08:08:28.078688
756, 506.2863695459673, 2021-02-26 08:08:28.423083
757, 506.8660591780208, 2021-02-26 08:08:29.002773
758, 507.3854133239947, 2021-02-26 08:08:29.522125
759, 507.70455402706284, 2021-02-26 08:08:29.841268
760, 508.0221069359686, 2021-02-26 08:08:30.158821
761, 508.17053205904085, 2021-02-26 08:08:30.307246
762, 508.4786148950225, 2021-02-26 08:08:30.615329
763, 510.1035657450557, 2021-02-26 08:08:32.240279
764, 512.2061247010715, 2021-02-26 08:08:34.342835
765, 512.6712894879747, 2021-02-26 08:08:34.808004
766, 512.7479725769954, 2021-02-26 08:08:34.884687
767, 513.0554545850027, 2021-02-26 08:08:35.192169
768, 514.5692343889968, 2021-02-26 08:08:36.705948
769, 514.9032253699843, 2021-02-26 08:08:37.039939
770, 516.8079938989831, 2021-02-26 08:08:38.944707
771, 517.2679713419639, 2021-02-26 08:08:39.404685
772, 517.7109537200304, 2021-02-26 08:08:39.847668
773, 520.987358574057, 2021-02-26 08:08:43.124066
774, 521.4674222629983, 2021-02-26 08:08:43.604132
775, 521.522992128972, 2021-02-26 08:08:43.659706
776, 521.6923502570717, 2021-02-26 08:08:43.829064
777, 521.9488939750008, 2021-02-26 08:08:44.085608
778, 522.2277065800736, 2021-02-26 08:08:44.364419
779, 522.5097106840694, 2021-02-26 08:08:44.646425
780, 523.5685412250459, 2021-02-26 08:08:45.705254
781, 524.7162130479701, 2021-02-26 08:08:46.852927
782, 525.281918801018, 2021-02-26 08:08:47.418632
783, 526.4639046679949, 2021-02-26 08:08:48.600619
784, 526.4812280969927, 2021-02-26 08:08:48.617942
785, 526.5687714579981, 2021-02-26 08:08:48.705486
786, 526.9311447279761, 2021-02-26 08:08:49.067859
787, 529.9085597819649, 2021-02-26 08:08:52.045264
788, 530.2287857490592, 2021-02-26 08:08:52.365500
789, 531.2851431790041, 2021-02-26 08:08:53.421856
790, 532.1286422139965, 2021-02-26 08:08:54.265355
791, 534.0829020440578, 2021-02-26 08:08:56.219615
792, 534.2375092710136, 2021-02-26 08:08:56.374223
793, 534.8822013830068, 2021-02-26 08:08:57.018914
794, 535.130698996014, 2021-02-26 08:08:57.267413
795, 535.596871015965, 2021-02-26 08:08:57.733585
796, 535.8026801430387, 2021-02-26 08:08:57.939394
797, 536.5557003109716, 2021-02-26 08:08:58.692414
798, 536.7833213200793, 2021-02-26 08:08:58.920036
799, 538.645722386078, 2021-02-26 08:09:00.782435
800, 539.3909935080446, 2021-02-26 08:09:01.527707
801, 539.391747378977, 2021-02-26 08:09:01.528462
802, 539.4637895340566, 2021-02-26 08:09:01.600504
803, 539.5197282870067, 2021-02-26 08:09:01.656441
804, 540.1863369110506, 2021-02-26 08:09:02.323038
805, 540.2616568980739, 2021-02-26 08:09:02.398371
806, 540.5708180690417, 2021-02-26 08:09:02.707532
807, 541.9025161600439, 2021-02-26 08:09:04.039229
808, 541.9494648450054, 2021-02-26 08:09:04.086179
809, 542.96652515803, 2021-02-26 08:09:05.103239
810, 543.026128308964, 2021-02-26 08:09:05.162842
811, 544.4069641670212, 2021-02-26 08:09:06.543677
812, 547.0103233580012, 2021-02-26 08:09:09.147030
813, 547.039916521986, 2021-02-26 08:09:09.176630
814, 547.6833834559657, 2021-02-26 08:09:09.820097
815, 547.9731867950177, 2021-02-26 08:09:10.109901
816, 548.6363961820025, 2021-02-26 08:09:10.773104
817, 549.0705380040454, 2021-02-26 08:09:11.207252
818, 549.1534011720214, 2021-02-26 08:09:11.290115
819, 549.4853812200017, 2021-02-26 08:09:11.622092
820, 549.4881364890607, 2021-02-26 08:09:11.624851
821, 549.6943371620728, 2021-02-26 08:09:11.831051
822, 550.5471092470689, 2021-02-26 08:09:12.683822
823, 551.6995852859691, 2021-02-26 08:09:13.836297
824, 551.8723607750144, 2021-02-26 08:09:14.009075
825, 553.0189720520284, 2021-02-26 08:09:15.155682
826, 553.2710072230548, 2021-02-26 08:09:15.407721
827, 553.5398997060256, 2021-02-26 08:09:15.676614
828, 553.6840935080545, 2021-02-26 08:09:15.820808
829, 553.8851858980488, 2021-02-26 08:09:16.021900
830, 554.2687270559836, 2021-02-26 08:09:16.405441
831, 554.8709638270084, 2021-02-26 08:09:17.007678
832, 555.8624562959885, 2021-02-26 08:09:17.999168
833, 557.2571515740128, 2021-02-26 08:09:19.393865
834, 558.3255428309785, 2021-02-26 08:09:20.462256
835, 559.0288054060657, 2021-02-26 08:09:21.165519
836, 559.9689327200176, 2021-02-26 08:09:22.105646
837, 561.8586168499896, 2021-02-26 08:09:23.995319
838, 562.1551964100217, 2021-02-26 08:09:24.291910
839, 562.2951304670423, 2021-02-26 08:09:24.431845
840, 562.8771334399935, 2021-02-26 08:09:25.013846
841, 563.4975161569891, 2021-02-26 08:09:25.634230
842, 563.9968205100158, 2021-02-26 08:09:26.133535
843, 564.7465490159811, 2021-02-26 08:09:26.883263
844, 564.7591350950534, 2021-02-26 08:09:26.895849
845, 564.8483470680658, 2021-02-26 08:09:26.985061
846, 565.8435908079846, 2021-02-26 08:09:27.980303
847, 566.8503289540531, 2021-02-26 08:09:28.987038
848, 569.9621490540449, 2021-02-26 08:09:32.098853
849, 570.1339953429997, 2021-02-26 08:09:32.270709
850, 571.0196892550448, 2021-02-26 08:09:33.156397
851, 573.1824620410334, 2021-02-26 08:09:35.319171
852, 573.3710091890534, 2021-02-26 08:09:35.507723
853, 573.4729487620061, 2021-02-26 08:09:35.609663
854, 574.1326186480001, 2021-02-26 08:09:36.269332
855, 574.2877262170659, 2021-02-26 08:09:36.424441
856, 574.6685094119748, 2021-02-26 08:09:36.805220
857, 575.0895657340297, 2021-02-26 08:09:37.226273
858, 575.3461363330716, 2021-02-26 08:09:37.482850
859, 576.2198435680475, 2021-02-26 08:09:38.356557
860, 576.3072248670505, 2021-02-26 08:09:38.443939
861, 577.4437358620344, 2021-02-26 08:09:39.580449
862, 577.6394437940326, 2021-02-26 08:09:39.776158
863, 579.6238509230316, 2021-02-26 08:09:41.760564
864, 580.3991057630628, 2021-02-26 08:09:42.535817
865, 581.9339470730629, 2021-02-26 08:09:44.070658
866, 582.6097732130438, 2021-02-26 08:09:44.746487
867, 584.8568902600091, 2021-02-26 08:09:46.993603
868, 586.216505013057, 2021-02-26 08:09:48.353219
869, 586.3100162880728, 2021-02-26 08:09:48.446731
870, 586.3227636980591, 2021-02-26 08:09:48.459478
871, 586.4699770520674, 2021-02-26 08:09:48.606691
872, 586.5750406540465, 2021-02-26 08:09:48.711755
873, 586.9238918690244, 2021-02-26 08:09:49.060606
874, 589.6230020100484, 2021-02-26 08:09:51.759710
875, 589.9449787570629, 2021-02-26 08:09:52.081692
876, 590.4420216110302, 2021-02-26 08:09:52.578736
877, 591.9482188540278, 2021-02-26 08:09:54.084930
878, 592.1016709960531, 2021-02-26 08:09:54.238385
879, 592.3734146429924, 2021-02-26 08:09:54.510129
880, 593.1048928420059, 2021-02-26 08:09:55.241607
881, 593.1147074680775, 2021-02-26 08:09:55.251422
882, 594.2479232980404, 2021-02-26 08:09:56.384637
883, 595.1632431000471, 2021-02-26 08:09:57.299953
884, 596.7589154230664, 2021-02-26 08:09:58.895628
885, 597.4701703640167, 2021-02-26 08:09:59.606880
886, 597.53546723607, 2021-02-26 08:09:59.672181
887, 599.6362229810329, 2021-02-26 08:10:01.772930
888, 600.1267523269635, 2021-02-26 08:10:02.263461
889, 600.9006987509783, 2021-02-26 08:10:03.037408
890, 601.5309440650744, 2021-02-26 08:10:03.667658
891, 603.9744758760789, 2021-02-26 08:10:06.111189
892, 604.1299629450077, 2021-02-26 08:10:06.266677
893, 604.5033260600176, 2021-02-26 08:10:06.640041
894, 604.7014115980128, 2021-02-26 08:10:06.838126
895, 604.7826879770728, 2021-02-26 08:10:06.919402
896, 605.8117882469669, 2021-02-26 08:10:07.948502
897, 606.1614468720509, 2021-02-26 08:10:08.298161
898, 606.2706680570263, 2021-02-26 08:10:08.407382
899, 607.1722707350273, 2021-02-26 08:10:09.308984
900, 607.8736632199725, 2021-02-26 08:10:10.010376
901, 608.0521745430306, 2021-02-26 08:10:10.188889
902, 609.2615208380157, 2021-02-26 08:10:11.398235
903, 609.7835986360442, 2021-02-26 08:10:11.920313
904, 609.7991622060072, 2021-02-26 08:10:11.935877
905, 609.9295311690075, 2021-02-26 08:10:12.066246
906, 610.5039905130398, 2021-02-26 08:10:12.640705
907, 611.425902692019, 2021-02-26 08:10:13.562617
908, 611.6815694390098, 2021-02-26 08:10:13.818284
909, 612.915619231062, 2021-02-26 08:10:15.052333
910, 614.1593859019922, 2021-02-26 08:10:16.296099
911, 614.351019209018, 2021-02-26 08:10:16.487734
912, 614.8527033020509, 2021-02-26 08:10:16.989418
913, 615.9402885159943, 2021-02-26 08:10:18.077002
914, 616.1407389569795, 2021-02-26 08:10:18.277453
915, 616.8614378700731, 2021-02-26 08:10:18.998152
916, 617.0010297200643, 2021-02-26 08:10:19.137744
917, 617.2905320550781, 2021-02-26 08:10:19.427246
918, 618.1550217090407, 2021-02-26 08:10:20.291735
919, 619.0324915520614, 2021-02-26 08:10:21.169206
920, 619.4626221989747, 2021-02-26 08:10:21.599337
921, 619.481374992989, 2021-02-26 08:10:21.618090
922, 619.8845933850389, 2021-02-26 08:10:22.021305
923, 620.4205202510348, 2021-02-26 08:10:22.557234
924, 623.6901929080486, 2021-02-26 08:10:25.826906
925, 624.2382034349721, 2021-02-26 08:10:26.374918
926, 624.2536479349947, 2021-02-26 08:10:26.390362
927, 625.5814741560025, 2021-02-26 08:10:27.718188
928, 625.646196810063, 2021-02-26 08:10:27.782911
929, 628.6845686970046, 2021-02-26 08:10:30.821282
930, 628.9977019560756, 2021-02-26 08:10:31.134416
931, 629.8428051980445, 2021-02-26 08:10:31.979520
932, 630.6879854430445, 2021-02-26 08:10:32.824694
933, 632.3750332409982, 2021-02-26 08:10:34.511742
934, 632.7705171139678, 2021-02-26 08:10:34.907231
935, 634.3542381330626, 2021-02-26 08:10:36.490949
936, 635.2518583349884, 2021-02-26 08:10:37.388571
937, 636.9784394419985, 2021-02-26 08:10:39.115153
938, 637.0775095419958, 2021-02-26 08:10:39.214224
939, 637.6055378030287, 2021-02-26 08:10:39.742251
940, 640.2295376800466, 2021-02-26 08:10:42.366250
941, 640.4379806689685, 2021-02-26 08:10:42.574695
942, 641.7919491509674, 2021-02-26 08:10:43.928663
943, 641.8164721500361, 2021-02-26 08:10:43.953187
944, 642.3396044980036, 2021-02-26 08:10:44.476319
945, 642.4478757260367, 2021-02-26 08:10:44.584590
946, 642.6842561200028, 2021-02-26 08:10:44.820971
947, 642.8491124339635, 2021-02-26 08:10:44.985827
948, 643.2065498600714, 2021-02-26 08:10:45.343264
949, 643.3423642780399, 2021-02-26 08:10:45.479079
950, 643.3672695650021, 2021-02-26 08:10:45.503984
951, 645.1284062570194, 2021-02-26 08:10:47.265120
952, 646.0628162130015, 2021-02-26 08:10:48.199530
953, 647.3818414900452, 2021-02-26 08:10:49.518555
954, 647.463674930972, 2021-02-26 08:10:49.600389
955, 647.7141579369782, 2021-02-26 08:10:49.850872
956, 648.2603163169697, 2021-02-26 08:10:50.397022
957, 648.6203089900082, 2021-02-26 08:10:50.757019
958, 649.0672548239818, 2021-02-26 08:10:51.203966
959, 649.1579977120273, 2021-02-26 08:10:51.294712
960, 649.5245164990192, 2021-02-26 08:10:51.661227
961, 649.6158690210432, 2021-02-26 08:10:51.752583
962, 652.2685000060592, 2021-02-26 08:10:54.405212
963, 655.6416400170419, 2021-02-26 08:10:57.778349
964, 655.9035371650243, 2021-02-26 08:10:58.040248
965, 656.2110404670238, 2021-02-26 08:10:58.347754
966, 656.6477403830504, 2021-02-26 08:10:58.784454
967, 656.9093124649953, 2021-02-26 08:10:59.046027
968, 657.8877330920659, 2021-02-26 08:11:00.024446
969, 658.7599906619871, 2021-02-26 08:11:00.896704
970, 660.0454666910227, 2021-02-26 08:11:02.182180
971, 660.0466649410082, 2021-02-26 08:11:02.183380
972, 661.2486457170453, 2021-02-26 08:11:03.385358
973, 661.3628026740626, 2021-02-26 08:11:03.499517
974, 661.9003633960383, 2021-02-26 08:11:04.037075
975, 662.7612431669841, 2021-02-26 08:11:04.897957
976, 663.435092092026, 2021-02-26 08:11:05.571802
977, 663.7666430840036, 2021-02-26 08:11:05.903357
978, 663.8384076290531, 2021-02-26 08:11:05.975122
979, 664.5749834009912, 2021-02-26 08:11:06.711692
980, 665.0487750900211, 2021-02-26 08:11:07.185488
981, 665.3852238269756, 2021-02-26 08:11:07.521938
982, 666.1754626330221, 2021-02-26 08:11:08.312175
983, 666.1799228839809, 2021-02-26 08:11:08.316637
984, 667.6731519560562, 2021-02-26 08:11:09.809861
985, 667.9289597200695, 2021-02-26 08:11:10.065674
986, 668.566232525045, 2021-02-26 08:11:10.702946
987, 669.1561422710074, 2021-02-26 08:11:11.292856
988, 670.5783016349887, 2021-02-26 08:11:12.715013
989, 670.7176601580577, 2021-02-26 08:11:12.854374
990, 671.1336111109704, 2021-02-26 08:11:13.270324
991, 671.6087496930268, 2021-02-26 08:11:13.745464
992, 672.2258354639634, 2021-02-26 08:11:14.362549
993, 673.1527889380231, 2021-02-26 08:11:15.289503
994, 673.2060662920121, 2021-02-26 08:11:15.342781
995, 673.9374201040482, 2021-02-26 08:11:16.074133
996, 675.517294559977, 2021-02-26 08:11:17.654007
997, 676.9497477730038, 2021-02-26 08:11:19.086457
998, 677.5232866890728, 2021-02-26 08:11:19.660000
999, 678.3698489230592, 2021-02-26 08:11:20.506562
1000, 678.6295915370574, 2021-02-26 08:11:20.766306
1001, 680.4989990490722, 2021-02-26 08:11:22.635709
1002, 681.5802568469662, 2021-02-26 08:11:23.716969
1003, 682.1180697099771, 2021-02-26 08:11:24.254782
1004, 682.5638764960459, 2021-02-26 08:11:24.700590
1005, 683.5864529020619, 2021-02-26 08:11:25.723166
1006, 683.899568952038, 2021-02-26 08:11:26.036283
1007, 684.5581305139931, 2021-02-26 08:11:26.694844
1008, 684.8689318760298, 2021-02-26 08:11:27.005642
1009, 685.2912636779947, 2021-02-26 08:11:27.427977
1010, 686.248267663992, 2021-02-26 08:11:28.384977
1011, 687.4792667010333, 2021-02-26 08:11:29.615974
1012, 687.650627793977, 2021-02-26 08:11:29.787342
1013, 689.4988589000423, 2021-02-26 08:11:31.635566
1014, 690.0057342000073, 2021-02-26 08:11:32.142447
1015, 690.5385246049846, 2021-02-26 08:11:32.675239
1016, 690.7312262400519, 2021-02-26 08:11:32.867940
1017, 690.7898285170086, 2021-02-26 08:11:32.926543
1018, 690.792037263047, 2021-02-26 08:11:32.928752
1019, 690.9483536420157, 2021-02-26 08:11:33.085067
1020, 692.6341767930426, 2021-02-26 08:11:34.770882
1021, 693.4020699830726, 2021-02-26 08:11:35.538783
1022, 694.5841123450082, 2021-02-26 08:11:36.720824
1023, 696.0605838500196, 2021-02-26 08:11:38.197294
1024, 696.8533886040095, 2021-02-26 08:11:38.990102
1025, 697.9168918470386, 2021-02-26 08:11:40.053599
1026, 698.5956179080531, 2021-02-26 08:11:40.732330
1027, 699.038001748966, 2021-02-26 08:11:41.174716
1028, 700.2457891399972, 2021-02-26 08:11:42.382502
1029, 700.355445164023, 2021-02-26 08:11:42.492160
1030, 700.3970821750117, 2021-02-26 08:11:42.533797
1031, 701.4333746570628, 2021-02-26 08:11:43.570088
1032, 701.5668244810076, 2021-02-26 08:11:43.703539
1033, 701.8943424019963, 2021-02-26 08:11:44.031057
1034, 702.5878391810693, 2021-02-26 08:11:44.724553
1035, 704.5875098590041, 2021-02-26 08:11:46.724222
1036, 705.9019942430314, 2021-02-26 08:11:48.038708
1037, 706.4782444740413, 2021-02-26 08:11:48.614958
1038, 706.5944008560618, 2021-02-26 08:11:48.731115
1039, 706.7887131170137, 2021-02-26 08:11:48.925428
1040, 708.1017461040756, 2021-02-26 08:11:50.238459
1041, 708.6388041250175, 2021-02-26 08:11:50.775518
1042, 710.845873960061, 2021-02-26 08:11:52.982585
1043, 710.8701276580105, 2021-02-26 08:11:53.006842
1044, 711.6568341960665, 2021-02-26 08:11:53.793548
1045, 712.9384567650268, 2021-02-26 08:11:55.075170
1046, 713.1239830630366, 2021-02-26 08:11:55.260697
1047, 714.2148722370621, 2021-02-26 08:11:56.351584
1048, 714.3270490820287, 2021-02-26 08:11:56.463763
1049, 715.7573239380727, 2021-02-26 08:11:57.894037
1050, 716.27920352004, 2021-02-26 08:11:58.415917
1051, 716.9753451370634, 2021-02-26 08:11:59.112059
1052, 717.1519034530502, 2021-02-26 08:11:59.288618
1053, 718.2095202229684, 2021-02-26 08:12:00.346233
1054, 718.7619560359744, 2021-02-26 08:12:00.898670
1055, 718.7973137090448, 2021-02-26 08:12:00.934028
1056, 719.4075236789649, 2021-02-26 08:12:01.544238
1057, 719.6220433340641, 2021-02-26 08:12:01.758758
1058, 719.903725435026, 2021-02-26 08:12:02.040439
1059, 719.9107652959647, 2021-02-26 08:12:02.047480
1060, 720.4515797620406, 2021-02-26 08:12:02.588294
1061, 721.2355208770605, 2021-02-26 08:12:03.372234
1062, 721.2683224040084, 2021-02-26 08:12:03.405037
1063, 721.8908220310695, 2021-02-26 08:12:04.027536
1064, 722.4580202100333, 2021-02-26 08:12:04.594734
1065, 725.1448886679718, 2021-02-26 08:12:07.281602
1066, 725.8539533390431, 2021-02-26 08:12:07.990668
1067, 726.6213693970349, 2021-02-26 08:12:08.758083
1068, 727.7955010780133, 2021-02-26 08:12:09.932215
1069, 728.0902546569705, 2021-02-26 08:12:10.226969
1070, 728.9307401679689, 2021-02-26 08:12:11.067455
1071, 730.1181781940395, 2021-02-26 08:12:12.254892
1072, 731.9290692480281, 2021-02-26 08:12:14.065783
1073, 732.5073293540627, 2021-02-26 08:12:14.644044
1074, 733.3492986629717, 2021-02-26 08:12:15.486013
1075, 733.9550847690552, 2021-02-26 08:12:16.091799
1076, 734.8404818400741, 2021-02-26 08:12:16.977196
1077, 734.9693947110791, 2021-02-26 08:12:17.106109
1078, 734.9797235190636, 2021-02-26 08:12:17.116438
1079, 737.1568817229709, 2021-02-26 08:12:19.293596
1080, 737.1736558129778, 2021-02-26 08:12:19.310370
1081, 737.186813057051, 2021-02-26 08:12:19.323528
1082, 737.6968610810582, 2021-02-26 08:12:19.833575
1083, 739.1910146280425, 2021-02-26 08:12:21.327729
1084, 739.548054411076, 2021-02-26 08:12:21.684769
1085, 740.7608382609906, 2021-02-26 08:12:22.897552
1086, 742.491082580993, 2021-02-26 08:12:24.627797
1087, 743.243196164025, 2021-02-26 08:12:25.379910
1088, 743.4157811070327, 2021-02-26 08:12:25.552496
1089, 745.5269146150677, 2021-02-26 08:12:27.663629
1090, 746.8223089770181, 2021-02-26 08:12:28.959023
1091, 748.0887809330598, 2021-02-26 08:12:30.225492
1092, 748.489495352027, 2021-02-26 08:12:30.626210
1093, 750.1692235900555, 2021-02-26 08:12:32.305936
1094, 751.2429075450636, 2021-02-26 08:12:33.379621
1095, 751.8769185710698, 2021-02-26 08:12:34.013633
1096, 751.9352063520346, 2021-02-26 08:12:34.071921
1097, 754.4220622360008, 2021-02-26 08:12:36.558775
1098, 754.624060590053, 2021-02-26 08:12:36.760775
1099, 754.7645693450468, 2021-02-26 08:12:36.901284
1100, 755.8856051040348, 2021-02-26 08:12:38.022318
1101, 756.0626305870246, 2021-02-26 08:12:38.199345
1102, 756.7773417460267, 2021-02-26 08:12:38.914056
1103, 757.7217787420377, 2021-02-26 08:12:39.858492
1104, 758.7814556700177, 2021-02-26 08:12:40.918170
1105, 760.7344282070408, 2021-02-26 08:12:42.871142
1106, 761.1927355210064, 2021-02-26 08:12:43.329450
1107, 761.208134643035, 2021-02-26 08:12:43.344849
1108, 761.5236606369726, 2021-02-26 08:12:43.660375
1109, 761.6086109780008, 2021-02-26 08:12:43.745325
1110, 761.9908229040448, 2021-02-26 08:12:44.127537
1111, 764.6337866770336, 2021-02-26 08:12:46.770501
1112, 765.5320135969669, 2021-02-26 08:12:47.668728
1113, 766.0765174190747, 2021-02-26 08:12:48.213232
1114, 766.443957198062, 2021-02-26 08:12:48.580672
1115, 766.9773415280506, 2021-02-26 08:12:49.114056
1116, 767.4846606950741, 2021-02-26 08:12:49.621375
1117, 767.6274620359764, 2021-02-26 08:12:49.764176
1118, 768.4917277359637, 2021-02-26 08:12:50.628433
1119, 768.5919866670156, 2021-02-26 08:12:50.728701
1120, 769.4929892070359, 2021-02-26 08:12:51.629703
1121, 772.9111992060207, 2021-02-26 08:12:55.047911
1122, 773.1858750999672, 2021-02-26 08:12:55.322589
1123, 773.9359205469955, 2021-02-26 08:12:56.072633
1124, 774.6649496640312, 2021-02-26 08:12:56.801663
1125, 774.8479210659862, 2021-02-26 08:12:56.984635
1126, 776.387262606062, 2021-02-26 08:12:58.523975
1127, 776.5167697459692, 2021-02-26 08:12:58.653484
1128, 776.5506622570101, 2021-02-26 08:12:58.687377
1129, 776.7343359410297, 2021-02-26 08:12:58.871050
1130, 778.1354933020193, 2021-02-26 08:13:00.272206
1131, 779.2751614049776, 2021-02-26 08:13:01.411871
1132, 779.5799299189821, 2021-02-26 08:13:01.716644
1133, 781.0157140310621, 2021-02-26 08:13:03.152422
1134, 781.2590624029981, 2021-02-26 08:13:03.395777
1135, 781.7695927500026, 2021-02-26 08:13:03.906306
1136, 782.3788661800791, 2021-02-26 08:13:04.515580
1137, 785.0410638200119, 2021-02-26 08:13:07.177776
1138, 787.0669027169934, 2021-02-26 08:13:09.203616
1139, 787.3884988700738, 2021-02-26 08:13:09.525213
1140, 787.9656341499649, 2021-02-26 08:13:10.102348
1141, 789.2978702209657, 2021-02-26 08:13:11.434583
1142, 789.3025988580193, 2021-02-26 08:13:11.439313
1143, 789.3421362090157, 2021-02-26 08:13:11.478851
1144, 790.0822508119745, 2021-02-26 08:13:12.218963
1145, 790.8485076549696, 2021-02-26 08:13:12.985221
1146, 791.0839420070406, 2021-02-26 08:13:13.220656
1147, 791.4076075450284, 2021-02-26 08:13:13.544322
1148, 791.4526187940501, 2021-02-26 08:13:13.589333
1149, 792.9634757650783, 2021-02-26 08:13:15.100188
1150, 794.0034889060771, 2021-02-26 08:13:16.140200
1151, 795.3762065430637, 2021-02-26 08:13:17.512920
1152, 796.3259665500373, 2021-02-26 08:13:18.462680
1153, 797.5547144589946, 2021-02-26 08:13:19.691427
1154, 798.0435548899695, 2021-02-26 08:13:20.180269
1155, 799.9923479530262, 2021-02-26 08:13:22.129061
1156, 800.1351585170487, 2021-02-26 08:13:22.271873
1157, 800.8877265430056, 2021-02-26 08:13:23.024440
1158, 803.9989564510761, 2021-02-26 08:13:26.135664
1159, 804.1846955179935, 2021-02-26 08:13:26.321409
1160, 805.216168205021, 2021-02-26 08:13:27.352882
1161, 805.6672911830246, 2021-02-26 08:13:27.804005
1162, 805.9432777310722, 2021-02-26 08:13:28.079992
1163, 807.2602020080667, 2021-02-26 08:13:29.396916
1164, 807.751423164038, 2021-02-26 08:13:29.888137
1165, 808.6578613519669, 2021-02-26 08:13:30.794575
1166, 809.3841956639662, 2021-02-26 08:13:31.520907
1167, 810.1506797630573, 2021-02-26 08:13:32.287392
1168, 810.6896921900334, 2021-02-26 08:13:32.826406
1169, 810.8492772059981, 2021-02-26 08:13:32.985991
1170, 811.1478467449779, 2021-02-26 08:13:33.284561
1171, 812.5766577590257, 2021-02-26 08:13:34.713372
1172, 816.2337840360124, 2021-02-26 08:13:38.370494
1173, 816.5273872279795, 2021-02-26 08:13:38.664101
1174, 817.2791687620338, 2021-02-26 08:13:39.415883
1175, 817.9032875780249, 2021-02-26 08:13:40.039999
1176, 818.316909344052, 2021-02-26 08:13:40.453624
1177, 818.5210527949966, 2021-02-26 08:13:40.657766
1178, 819.0902244860772, 2021-02-26 08:13:41.226938
1179, 820.0921751550632, 2021-02-26 08:13:42.228888
1180, 822.1244772180216, 2021-02-26 08:13:44.261191
1181, 823.3666177859996, 2021-02-26 08:13:45.503332
1182, 823.5160373090766, 2021-02-26 08:13:45.652752
1183, 825.4425267690094, 2021-02-26 08:13:47.579238
1184, 826.3014847600134, 2021-02-26 08:13:48.438197
1185, 826.7494351570494, 2021-02-26 08:13:48.886149
1186, 826.9545769629767, 2021-02-26 08:13:49.091291
1187, 827.0453055690741, 2021-02-26 08:13:49.182020
1188, 827.4534459870774, 2021-02-26 08:13:49.590160
1189, 827.6130856600357, 2021-02-26 08:13:49.749800
1190, 828.4308334849775, 2021-02-26 08:13:50.567547
1191, 830.0086444410263, 2021-02-26 08:13:52.145356
1192, 830.149436193984, 2021-02-26 08:13:52.286151
1193, 830.3564931639703, 2021-02-26 08:13:52.493207
1194, 830.7173812320689, 2021-02-26 08:13:52.854095
1195, 832.3100866529858, 2021-02-26 08:13:54.446801
1196, 833.0745105650276, 2021-02-26 08:13:55.211225
1197, 834.2396290519973, 2021-02-26 08:13:56.376342
1198, 834.7518055390101, 2021-02-26 08:13:56.888519
1199, 835.7010831210064, 2021-02-26 08:13:57.837797
1200, 837.3622039459879, 2021-02-26 08:13:59.498918
1201, 837.4929280340439, 2021-02-26 08:13:59.629642
1202, 838.7582671080017, 2021-02-26 08:14:00.894981
1203, 839.0498092760099, 2021-02-26 08:14:01.186523
1204, 840.0665745839942, 2021-02-26 08:14:02.203283
1205, 840.8478004829958, 2021-02-26 08:14:02.984513
1206, 841.6707552890293, 2021-02-26 08:14:03.807468
1207, 842.8079761050176, 2021-02-26 08:14:04.944686
1208, 843.4403483179631, 2021-02-26 08:14:05.577062
1209, 843.7441508710617, 2021-02-26 08:14:05.880865
1210, 844.0762393990299, 2021-02-26 08:14:06.212954
1211, 845.4980828660773, 2021-02-26 08:14:07.634796
1212, 847.0173593059881, 2021-02-26 08:14:09.154068
1213, 847.3736258479767, 2021-02-26 08:14:09.510340
1214, 848.2587773710256, 2021-02-26 08:14:10.395490
1215, 848.3226308480371, 2021-02-26 08:14:10.459345
1216, 848.4017793440726, 2021-02-26 08:14:10.538494
1217, 850.1252284949878, 2021-02-26 08:14:12.261937
1218, 850.5381949710427, 2021-02-26 08:14:12.674909
1219, 850.6616102979751, 2021-02-26 08:14:12.798324
1220, 851.1382555899909, 2021-02-26 08:14:13.274969
1221, 851.2196704630041, 2021-02-26 08:14:13.356385
1222, 851.3721309910761, 2021-02-26 08:14:13.508845
1223, 852.7634522140725, 2021-02-26 08:14:14.900166
1224, 853.560274900985, 2021-02-26 08:14:15.696986
1225, 853.6610263900366, 2021-02-26 08:14:15.797741
1226, 854.3283728830284, 2021-02-26 08:14:16.465086
1227, 854.4716498340713, 2021-02-26 08:14:16.608364
1228, 855.5184718749952, 2021-02-26 08:14:17.655183
1229, 855.5275812320178, 2021-02-26 08:14:17.664296
1230, 856.5509590830188, 2021-02-26 08:14:18.687669
1231, 857.2690353300422, 2021-02-26 08:14:19.405749
1232, 858.3189790339675, 2021-02-26 08:14:20.455692
1233, 858.5477961440338, 2021-02-26 08:14:20.684510
1234, 858.8370709359879, 2021-02-26 08:14:20.973783
1235, 858.9131317420397, 2021-02-26 08:14:21.049846
1236, 860.3563653159654, 2021-02-26 08:14:22.493079
1237, 860.8410918180598, 2021-02-26 08:14:22.977806
1238, 861.2090918440372, 2021-02-26 08:14:23.345806
1239, 861.2563478150405, 2021-02-26 08:14:23.393062
1240, 861.6433105770266, 2021-02-26 08:14:23.780024
1241, 862.8553524360759, 2021-02-26 08:14:24.992065
1242, 863.5836829000618, 2021-02-26 08:14:25.720397
1243, 864.4695907150162, 2021-02-26 08:14:26.606302
1244, 865.7397285629995, 2021-02-26 08:14:27.876442
1245, 866.3725530189695, 2021-02-26 08:14:28.509267
1246, 866.663765851059, 2021-02-26 08:14:28.800480
1247, 868.2456615030533, 2021-02-26 08:14:30.382374
1248, 869.1555908650625, 2021-02-26 08:14:31.292305
1249, 869.4033300160663, 2021-02-26 08:14:31.540044
1250, 869.795713872998, 2021-02-26 08:14:31.932426
1251, 869.8128638520138, 2021-02-26 08:14:31.949578
1252, 870.3941437900066, 2021-02-26 08:14:32.530857
1253, 870.8026876680087, 2021-02-26 08:14:32.939401
1254, 870.8985412319889, 2021-02-26 08:14:33.035256
1255, 872.7983739780029, 2021-02-26 08:14:34.935088
1256, 873.2585308119887, 2021-02-26 08:14:35.395245
1257, 873.8606250070734, 2021-02-26 08:14:35.997339
1258, 873.988965701079, 2021-02-26 08:14:36.125680
1259, 874.0342485320289, 2021-02-26 08:14:36.170963
1260, 874.9637645600596, 2021-02-26 08:14:37.100477
1261, 876.6163051279727, 2021-02-26 08:14:38.753017
1262, 876.9513666849816, 2021-02-26 08:14:39.088081
1263, 877.9333070280263, 2021-02-26 08:14:40.070021
1264, 878.8156292780768, 2021-02-26 08:14:40.952343
1265, 879.5104172310093, 2021-02-26 08:14:41.647131
1266, 880.0093445860548, 2021-02-26 08:14:42.146055
1267, 880.1374114910141, 2021-02-26 08:14:42.274126
1268, 880.1652804230107, 2021-02-26 08:14:42.301995
1269, 882.2506956079742, 2021-02-26 08:14:44.387409
1270, 882.9325482570566, 2021-02-26 08:14:45.069259
1271, 884.4587841640459, 2021-02-26 08:14:46.595493
1272, 884.5199996500742, 2021-02-26 08:14:46.656714
1273, 884.5338003700599, 2021-02-26 08:14:46.670515
1274, 884.9148026970215, 2021-02-26 08:14:47.051513
1275, 885.0347423370695, 2021-02-26 08:14:47.171456
1276, 885.3695487970253, 2021-02-26 08:14:47.506263
1277, 886.1487056950573, 2021-02-26 08:14:48.285419
1278, 886.3761535210069, 2021-02-26 08:14:48.512868
1279, 887.3952832550276, 2021-02-26 08:14:49.531994
1280, 887.4027957590297, 2021-02-26 08:14:49.539510
1281, 888.041013790993, 2021-02-26 08:14:50.177718
1282, 888.0940798809752, 2021-02-26 08:14:50.230794
1283, 888.5801938980585, 2021-02-26 08:14:50.716906
1284, 889.2236597270239, 2021-02-26 08:14:51.360373
1285, 890.2336614270462, 2021-02-26 08:14:52.370374
1286, 890.525512916036, 2021-02-26 08:14:52.662227
1287, 890.7767279900145, 2021-02-26 08:14:52.913442
1288, 891.4644553640392, 2021-02-26 08:14:53.601169
1289, 891.679672182072, 2021-02-26 08:14:53.816386
1290, 893.2563009660225, 2021-02-26 08:14:55.393006
1291, 893.6802773179952, 2021-02-26 08:14:55.816990
1292, 893.7405918260338, 2021-02-26 08:14:55.877306
1293, 894.5774466430303, 2021-02-26 08:14:56.714157
1294, 895.0628170940327, 2021-02-26 08:14:57.199531
1295, 895.4283719169907, 2021-02-26 08:14:57.565086
1296, 895.5446272330591, 2021-02-26 08:14:57.681342
1297, 896.0577209360199, 2021-02-26 08:14:58.194432
1298, 896.5697912360774, 2021-02-26 08:14:58.706505
1299, 896.9862328669988, 2021-02-26 08:14:59.122947
1300, 898.5795314830029, 2021-02-26 08:15:00.716244
1301, 899.3666781480424, 2021-02-26 08:15:01.503392
1302, 900.0635626020376, 2021-02-26 08:15:02.200276
1303, 901.0243299769936, 2021-02-26 08:15:03.161043
1304, 901.2579792729812, 2021-02-26 08:15:03.394693
1305, 901.2761277130339, 2021-02-26 08:15:03.412842
1306, 902.2943215529667, 2021-02-26 08:15:04.431035
1307, 903.898459071992, 2021-02-26 08:15:06.035168
1308, 903.9760129679926, 2021-02-26 08:15:06.112727
1309, 904.5678924260428, 2021-02-26 08:15:06.704606
1310, 905.6595244840719, 2021-02-26 08:15:07.796237
1311, 906.0773194120266, 2021-02-26 08:15:08.214033
1312, 907.0201546919998, 2021-02-26 08:15:09.156865
1313, 907.312128991005, 2021-02-26 08:15:09.448842
1314, 909.4317589859711, 2021-02-26 08:15:11.568469
1315, 909.4445856909733, 2021-02-26 08:15:11.581300
1316, 911.5575727140531, 2021-02-26 08:15:13.694285
1317, 911.897142210044, 2021-02-26 08:15:14.033857
1318, 912.1930008920608, 2021-02-26 08:15:14.329715
1319, 912.5291447780328, 2021-02-26 08:15:14.665859
1320, 913.2832414869918, 2021-02-26 08:15:15.419954
1321, 913.8782334870193, 2021-02-26 08:15:16.014947
1322, 914.9221744580427, 2021-02-26 08:15:17.058888
1323, 914.9350379210664, 2021-02-26 08:15:17.071752
1324, 916.0030840230174, 2021-02-26 08:15:18.139798
1325, 916.1024453779683, 2021-02-26 08:15:18.239160
1326, 916.3787637259811, 2021-02-26 08:15:18.515478
1327, 916.8616503740195, 2021-02-26 08:15:18.998365
1328, 917.8254058080493, 2021-02-26 08:15:19.962114
1329, 918.7539168939693, 2021-02-26 08:15:20.890629
1330, 919.5521956830053, 2021-02-26 08:15:21.688909
1331, 920.7613793660421, 2021-02-26 08:15:22.898093
1332, 921.2022550189868, 2021-02-26 08:15:23.338969
1333, 923.6478405359667, 2021-02-26 08:15:25.784553
1334, 925.4394152300665, 2021-02-26 08:15:27.576127
1335, 925.9665413260227, 2021-02-26 08:15:28.103255
1336, 926.5748007290531, 2021-02-26 08:15:28.711515
1337, 926.8459455680568, 2021-02-26 08:15:28.982659
1338, 926.9390788190067, 2021-02-26 08:15:29.075793
1339, 927.2020254830131, 2021-02-26 08:15:29.338739
1340, 928.0735985640204, 2021-02-26 08:15:30.210313
1341, 928.4244642970152, 2021-02-26 08:15:30.561178
1342, 931.0894940079888, 2021-02-26 08:15:33.226206
1343, 933.3873697610106, 2021-02-26 08:15:35.524083
1344, 933.7817393030273, 2021-02-26 08:15:35.918454
1345, 935.8986548039829, 2021-02-26 08:15:38.035368
1346, 936.710854445002, 2021-02-26 08:15:38.847569
1347, 939.108825877076, 2021-02-26 08:15:41.245539
1348, 939.4641504880274, 2021-02-26 08:15:41.600865
1349, 939.6534045069711, 2021-02-26 08:15:41.790119
1350, 940.951646290021, 2021-02-26 08:15:43.088360
1351, 941.268609932973, 2021-02-26 08:15:43.405324
1352, 941.2969626740087, 2021-02-26 08:15:43.433677
1353, 942.2212985079968, 2021-02-26 08:15:44.358013
1354, 942.7149482569657, 2021-02-26 08:15:44.851663
1355, 943.2898202240467, 2021-02-26 08:15:45.426534
1356, 943.5302515890216, 2021-02-26 08:15:45.666964
1357, 943.6092957960209, 2021-02-26 08:15:45.746010
1358, 944.0113548140507, 2021-02-26 08:15:46.148069
1359, 944.68867404107, 2021-02-26 08:15:46.825387
1360, 945.1031552560162, 2021-02-26 08:15:47.239869
1361, 945.4057100639911, 2021-02-26 08:15:47.542425
1362, 945.5301475729793, 2021-02-26 08:15:47.666862
1363, 947.1247413770761, 2021-02-26 08:15:49.261453
1364, 947.970404917025, 2021-02-26 08:15:50.107114
1365, 948.5176476340275, 2021-02-26 08:15:50.654360
1366, 949.5066476709908, 2021-02-26 08:15:51.643359
1367, 949.5791866299696, 2021-02-26 08:15:51.715901
1368, 954.8038066850277, 2021-02-26 08:15:56.940514
1369, 955.0480198099976, 2021-02-26 08:15:57.184734
1370, 956.4255242809886, 2021-02-26 08:15:58.562237
1371, 957.288646209985, 2021-02-26 08:15:59.425360
1372, 957.6223104340024, 2021-02-26 08:15:59.759024
1373, 957.9452743140282, 2021-02-26 08:16:00.081989
1374, 958.0311030090088, 2021-02-26 08:16:00.167817
1375, 959.8310673859669, 2021-02-26 08:16:01.967779
1376, 959.9410431360593, 2021-02-26 08:16:02.077757
1377, 960.1026770559838, 2021-02-26 08:16:02.239391
1378, 961.3750099519966, 2021-02-26 08:16:03.511718
1379, 961.6604906399734, 2021-02-26 08:16:03.797202
1380, 962.3547386690043, 2021-02-26 08:16:04.491453
1381, 962.5918923760764, 2021-02-26 08:16:04.728607
1382, 962.8582492340356, 2021-02-26 08:16:04.994963
1383, 965.1266228290042, 2021-02-26 08:16:07.263333
1384, 968.487509104074, 2021-02-26 08:16:10.624221
1385, 968.7153016830562, 2021-02-26 08:16:10.852016
1386, 968.9734437220031, 2021-02-26 08:16:11.110158
1387, 969.9391638709931, 2021-02-26 08:16:12.075877
1388, 970.1037065840792, 2021-02-26 08:16:12.240420
1389, 970.2658247940708, 2021-02-26 08:16:12.402539
1390, 970.2940664479975, 2021-02-26 08:16:12.430781
1391, 971.1823500370374, 2021-02-26 08:16:13.319064
1392, 971.8245725870365, 2021-02-26 08:16:13.961287
1393, 972.5601853970438, 2021-02-26 08:16:14.696899
1394, 973.4831005269662, 2021-02-26 08:16:15.619815
1395, 974.5127194110537, 2021-02-26 08:16:16.649433
1396, 974.8586353510618, 2021-02-26 08:16:16.995349
1397, 975.4028233790305, 2021-02-26 08:16:17.539538
1398, 975.5549362309976, 2021-02-26 08:16:17.691651
1399, 975.8168913230766, 2021-02-26 08:16:17.953606
1400, 976.2024361019721, 2021-02-26 08:16:18.339150
1401, 976.3552244770108, 2021-02-26 08:16:18.491939
1402, 976.9655074609909, 2021-02-26 08:16:19.102222
1403, 977.6005736009683, 2021-02-26 08:16:19.737287
1404, 977.6355822209734, 2021-02-26 08:16:19.772297
1405, 977.8372755500022, 2021-02-26 08:16:19.973990
1406, 977.9737605530536, 2021-02-26 08:16:20.110475
1407, 978.7794391330099, 2021-02-26 08:16:20.916153
1408, 979.0394666399807, 2021-02-26 08:16:21.176181
1409, 979.5427404190414, 2021-02-26 08:16:21.679455
1410, 979.6926527089672, 2021-02-26 08:16:21.829367
1411, 979.7701826050179, 2021-02-26 08:16:21.906897
1412, 979.910521693062, 2021-02-26 08:16:22.047236
1413, 979.9197560880566, 2021-02-26 08:16:22.056471
1414, 980.5636965050362, 2021-02-26 08:16:22.700411
1415, 981.4695781690534, 2021-02-26 08:16:23.606292
1416, 983.1461509870132, 2021-02-26 08:16:25.282864
1417, 983.7588371720631, 2021-02-26 08:16:25.895551
1418, 983.9957863229793, 2021-02-26 08:16:26.132501
1419, 985.9047643670347, 2021-02-26 08:16:28.041478
1420, 986.7529022040544, 2021-02-26 08:16:28.889616
1421, 987.4303997859824, 2021-02-26 08:16:29.567113
1422, 987.5095866479678, 2021-02-26 08:16:29.646301
1423, 987.9057638960658, 2021-02-26 08:16:30.042478
1424, 987.9780571269803, 2021-02-26 08:16:30.114772
1425, 988.5855403390015, 2021-02-26 08:16:30.722252
1426, 990.004000968067, 2021-02-26 08:16:32.140714
1427, 990.856319242972, 2021-02-26 08:16:32.993033
1428, 991.6674111620523, 2021-02-26 08:16:33.804125
1429, 992.6146658560028, 2021-02-26 08:16:34.751378
1430, 993.8366521809949, 2021-02-26 08:16:35.973366
1431, 994.452436131076, 2021-02-26 08:16:36.589150
1432, 996.0796799319796, 2021-02-26 08:16:38.216393
1433, 996.2432163640624, 2021-02-26 08:16:38.379931
1434, 997.2675508119864, 2021-02-26 08:16:39.404265
1435, 997.4148629240226, 2021-02-26 08:16:39.551577
1436, 998.5718459120253, 2021-02-26 08:16:40.708559
1437, 999.1701945760287, 2021-02-26 08:16:41.306907
1438, 1002.2800452200463, 2021-02-26 08:16:44.416757
1439, 1003.3024897240102, 2021-02-26 08:16:45.439200
1440, 1003.3995600220514, 2021-02-26 08:16:45.536274
1441, 1004.0305771999992, 2021-02-26 08:16:46.167291
1442, 1009.0029836429749, 2021-02-26 08:16:51.139687
1443, 1009.5927688759984, 2021-02-26 08:16:51.729482
1444, 1009.6943226540461, 2021-02-26 08:16:51.831037
1445, 1010.6688418110134, 2021-02-26 08:16:52.805555
1446, 1011.5991221540608, 2021-02-26 08:16:53.735835
1447, 1013.213791221031, 2021-02-26 08:16:55.350503
1448, 1013.2729522560257, 2021-02-26 08:16:55.409667
1449, 1013.4096636000322, 2021-02-26 08:16:55.546378
1450, 1015.0745602509705, 2021-02-26 08:16:57.211273
1451, 1015.1184248720529, 2021-02-26 08:16:57.255139
1452, 1015.1296040220186, 2021-02-26 08:16:57.266318
1453, 1016.0395497360732, 2021-02-26 08:16:58.176264
1454, 1016.9131285230396, 2021-02-26 08:16:59.049843
1455, 1017.7109382969793, 2021-02-26 08:16:59.847650
1456, 1017.9430617199978, 2021-02-26 08:17:00.079776
1457, 1018.7123548630625, 2021-02-26 08:17:00.849069
1458, 1018.7587771150284, 2021-02-26 08:17:00.895492
1459, 1018.9539731780533, 2021-02-26 08:17:01.090687
1460, 1018.989446570049, 2021-02-26 08:17:01.126161
1461, 1020.3646012879908, 2021-02-26 08:17:02.501303
1462, 1021.1923484869767, 2021-02-26 08:17:03.329061
1463, 1022.7302020799834, 2021-02-26 08:17:04.866913
1464, 1023.4034412970068, 2021-02-26 08:17:05.540155
1465, 1025.0195361030055, 2021-02-26 08:17:07.156250
1466, 1025.1604838609928, 2021-02-26 08:17:07.297198
1467, 1025.6881062190514, 2021-02-26 08:17:07.824816
1468, 1025.8878100030124, 2021-02-26 08:17:08.024524
1469, 1026.2416091189953, 2021-02-26 08:17:08.378323
1470, 1026.8700325170066, 2021-02-26 08:17:09.006746
1471, 1026.8964956760174, 2021-02-26 08:17:09.033210
1472, 1028.0354254679987, 2021-02-26 08:17:10.172138
1473, 1028.0421084919944, 2021-02-26 08:17:10.178823
1474, 1029.1509100029944, 2021-02-26 08:17:11.287622
1475, 1029.5968131240224, 2021-02-26 08:17:11.733527
1476, 1029.9498579250649, 2021-02-26 08:17:12.086572
1477, 1030.0418790220283, 2021-02-26 08:17:12.178594
1478, 1030.1277655650629, 2021-02-26 08:17:12.264480
1479, 1030.4892934820382, 2021-02-26 08:17:12.626008
1480, 1030.802011252963, 2021-02-26 08:17:12.938725
1481, 1031.41072337504, 2021-02-26 08:17:13.547438
1482, 1032.091387188062, 2021-02-26 08:17:14.228099
1483, 1032.9257149930345, 2021-02-26 08:17:15.062425
1484, 1033.4322475510417, 2021-02-26 08:17:15.568962
1485, 1036.11433515104, 2021-02-26 08:17:18.251047
1486, 1037.8627320450032, 2021-02-26 08:17:19.999444
1487, 1038.1181630400242, 2021-02-26 08:17:20.254877
1488, 1038.125959263998, 2021-02-26 08:17:20.262674
1489, 1038.4435737329768, 2021-02-26 08:17:20.580288
1490, 1039.3036925019696, 2021-02-26 08:17:21.440403
1491, 1042.1418584160274, 2021-02-26 08:17:24.278571
1492, 1042.9065541090677, 2021-02-26 08:17:25.043266
1493, 1043.0283337059664, 2021-02-26 08:17:25.165048
1494, 1043.8834619430127, 2021-02-26 08:17:26.020176
1495, 1043.907112217974, 2021-02-26 08:17:26.043827
1496, 1043.9656069009798, 2021-02-26 08:17:26.102321
1497, 1045.3830568779958, 2021-02-26 08:17:27.519771
1498, 1046.0855680840323, 2021-02-26 08:17:28.222282
1499, 1047.106132460991, 2021-02-26 08:17:29.242846
1500, 1049.5048052039929, 2021-02-26 08:17:31.641518
1501, 1049.5049127569655, 2021-02-26 08:17:31.641628
1502, 1051.0930329989642, 2021-02-26 08:17:33.229747
1503, 1052.8459800629644, 2021-02-26 08:17:34.982687
1504, 1053.5399106490659, 2021-02-26 08:17:35.676624
1505, 1055.2108723700512, 2021-02-26 08:17:37.347585
1506, 1056.6705655989936, 2021-02-26 08:17:38.807279
1507, 1056.8456772729987, 2021-02-26 08:17:38.982391
1508, 1057.232456715079, 2021-02-26 08:17:39.369168
1509, 1057.4238839120371, 2021-02-26 08:17:39.560598
1510, 1057.5049580810592, 2021-02-26 08:17:39.641672
1511, 1058.5813304310432, 2021-02-26 08:17:40.718042
1512, 1059.6630846139742, 2021-02-26 08:17:41.799795
1513, 1060.8782306000357, 2021-02-26 08:17:43.014943
1514, 1060.9485197389731, 2021-02-26 08:17:43.085234
1515, 1060.9926864689915, 2021-02-26 08:17:43.129401
1516, 1061.9146229360485, 2021-02-26 08:17:44.051337
1517, 1062.7339550249744, 2021-02-26 08:17:44.870669
1518, 1062.7379825690296, 2021-02-26 08:17:44.874697
1519, 1062.7723514880054, 2021-02-26 08:17:44.909066
1520, 1063.7620867249789, 2021-02-26 08:17:45.898800
1521, 1064.1082553300075, 2021-02-26 08:17:46.244969
1522, 1064.5396382960025, 2021-02-26 08:17:46.676352
1523, 1065.9450621140422, 2021-02-26 08:17:48.081776
1524, 1066.736832017079, 2021-02-26 08:17:48.873546
1525, 1066.929448415991, 2021-02-26 08:17:49.066162
1526, 1067.6123052770272, 2021-02-26 08:17:49.749019
1527, 1067.8124433690682, 2021-02-26 08:17:49.949157
1528, 1068.232310082065, 2021-02-26 08:17:50.369022
1529, 1068.2673417290207, 2021-02-26 08:17:50.404056
1530, 1068.3933272439754, 2021-02-26 08:17:50.530041
1531, 1068.6355582220713, 2021-02-26 08:17:50.772273
1532, 1069.0883127950365, 2021-02-26 08:17:51.225023
1533, 1070.4204987529665, 2021-02-26 08:17:52.557211
1534, 1071.2595877910499, 2021-02-26 08:17:53.396302
1535, 1072.5281916960375, 2021-02-26 08:17:54.664904
1536, 1072.8069807350403, 2021-02-26 08:17:54.943695
1537, 1072.989497645991, 2021-02-26 08:17:55.126212
1538, 1074.0787298360374, 2021-02-26 08:17:56.215443
1539, 1074.150748922024, 2021-02-26 08:17:56.287463
1540, 1075.1278844879707, 2021-02-26 08:17:57.264598
1541, 1075.1873810250545, 2021-02-26 08:17:57.324096
1542, 1076.9961201710394, 2021-02-26 08:17:59.132834
1543, 1078.492163517978, 2021-02-26 08:18:00.628876
1544, 1078.6454071439803, 2021-02-26 08:18:00.782121
1545, 1080.7018959120614, 2021-02-26 08:18:02.838608
1546, 1080.8622221300611, 2021-02-26 08:18:02.998936
1547, 1081.703445976018, 2021-02-26 08:18:03.840160
1548, 1082.2673266000347, 2021-02-26 08:18:04.404041
1549, 1082.5027295630425, 2021-02-26 08:18:04.639444
1550, 1082.97227673803, 2021-02-26 08:18:05.108991
1551, 1083.1475873810705, 2021-02-26 08:18:05.284302
1552, 1083.3904823160265, 2021-02-26 08:18:05.527196
1553, 1083.6260917939944, 2021-02-26 08:18:05.762806
1554, 1085.2504773370456, 2021-02-26 08:18:07.387191
1555, 1085.6559541850584, 2021-02-26 08:18:07.792669
1556, 1085.840991863981, 2021-02-26 08:18:07.977706
1557, 1086.8435150850564, 2021-02-26 08:18:08.980228
1558, 1087.1613792330027, 2021-02-26 08:18:09.298094
1559, 1087.2177407629788, 2021-02-26 08:18:09.354455
1560, 1087.6943663679995, 2021-02-26 08:18:09.831081
1561, 1087.7481371570611, 2021-02-26 08:18:09.884852
1562, 1087.8339611750562, 2021-02-26 08:18:09.970676
1563, 1087.8872625660151, 2021-02-26 08:18:10.023977
1564, 1090.2351637890097, 2021-02-26 08:18:12.371877
1565, 1091.1790064270608, 2021-02-26 08:18:13.315720
1566, 1091.2671298600035, 2021-02-26 08:18:13.403844
1567, 1092.8601850550622, 2021-02-26 08:18:14.996899
1568, 1093.8647041380173, 2021-02-26 08:18:16.001418
1569, 1094.5453700859798, 2021-02-26 08:18:16.682084
1570, 1098.3494115980575, 2021-02-26 08:18:20.486124
1571, 1098.4918482369976, 2021-02-26 08:18:20.628562
1572, 1099.0420339850243, 2021-02-26 08:18:21.178748
1573, 1099.8339956260752, 2021-02-26 08:18:21.970710
1574, 1101.0417666169815, 2021-02-26 08:18:23.178480
1575, 1101.4103612960316, 2021-02-26 08:18:23.547075
1576, 1101.8147178110667, 2021-02-26 08:18:23.951432
1577, 1101.9398117989767, 2021-02-26 08:18:24.076526
1578, 1102.2342806920642, 2021-02-26 08:18:24.370995
1579, 1102.8766512200236, 2021-02-26 08:18:25.013365
1580, 1103.11897893704, 2021-02-26 08:18:25.255693
1581, 1103.2045410929713, 2021-02-26 08:18:25.341256
1582, 1103.6015413029818, 2021-02-26 08:18:25.738255
1583, 1103.7854724379722, 2021-02-26 08:18:25.922187
1584, 1103.869561754982, 2021-02-26 08:18:26.006276
1585, 1105.0923944200622, 2021-02-26 08:18:27.229108
1586, 1105.191064133076, 2021-02-26 08:18:27.327778
1587, 1106.4752122469945, 2021-02-26 08:18:28.611926
1588, 1107.6245708579663, 2021-02-26 08:18:29.761282
1589, 1107.7889379439875, 2021-02-26 08:18:29.925652
1590, 1107.8517814329825, 2021-02-26 08:18:29.988496
1591, 1108.103280736017, 2021-02-26 08:18:30.239995
1592, 1108.5668426940683, 2021-02-26 08:18:30.703557
1593, 1109.0819138980005, 2021-02-26 08:18:31.218628
1594, 1109.2413600890432, 2021-02-26 08:18:31.378075
1595, 1110.8568605009932, 2021-02-26 08:18:32.993572
1596, 1111.0575347479898, 2021-02-26 08:18:33.194248
1597, 1111.2674796340289, 2021-02-26 08:18:33.404194
1598, 1111.4959977570688, 2021-02-26 08:18:33.632711
1599, 1111.5921919309767, 2021-02-26 08:18:33.728906
1600, 1111.9708229800453, 2021-02-26 08:18:34.107536
1601, 1112.159672921989, 2021-02-26 08:18:34.296387
1602, 1112.5626329770312, 2021-02-26 08:18:34.699347
1603, 1112.8671677740058, 2021-02-26 08:18:35.003882
1604, 1114.111790557974, 2021-02-26 08:18:36.248504
1605, 1114.5699591540033, 2021-02-26 08:18:36.706673
1606, 1114.8987450340064, 2021-02-26 08:18:37.035457
1607, 1116.8868019969668, 2021-02-26 08:18:39.023502
1608, 1116.9442573969718, 2021-02-26 08:18:39.080972
1609, 1116.9445532980608, 2021-02-26 08:18:39.081268
1610, 1117.2302874400048, 2021-02-26 08:18:39.367002
1611, 1119.3180915140547, 2021-02-26 08:18:41.454803
1612, 1119.7939650000772, 2021-02-26 08:18:41.930678
1613, 1120.2100281000603, 2021-02-26 08:18:42.346739
1614, 1120.6761628299719, 2021-02-26 08:18:42.812876
1615, 1121.0593235309934, 2021-02-26 08:18:43.196034
1616, 1121.2350736049702, 2021-02-26 08:18:43.371788
1617, 1121.2798942900263, 2021-02-26 08:18:43.416609
1618, 1122.78168852604, 2021-02-26 08:18:44.918402
1619, 1124.0923163150437, 2021-02-26 08:18:46.229028
1620, 1124.6918366269674, 2021-02-26 08:18:46.828550
1621, 1124.9536075550131, 2021-02-26 08:18:47.090322
1622, 1125.361032008077, 2021-02-26 08:18:47.497746
1623, 1125.9408417369705, 2021-02-26 08:18:48.077554
1624, 1126.0373498700792, 2021-02-26 08:18:48.174064
1625, 1127.0298599799862, 2021-02-26 08:18:49.166574
1626, 1128.3954143819865, 2021-02-26 08:18:50.532119
1627, 1128.6647745970404, 2021-02-26 08:18:50.801484
1628, 1128.738446378964, 2021-02-26 08:18:50.875161
1629, 1130.199908358045, 2021-02-26 08:18:52.336615
1630, 1131.0343372119823, 2021-02-26 08:18:53.171047
1631, 1131.8626220109873, 2021-02-26 08:18:53.999332
1632, 1132.3525002900278, 2021-02-26 08:18:54.489213
1633, 1133.5626562180696, 2021-02-26 08:18:55.699366
1634, 1134.531851148, 2021-02-26 08:18:56.668564
1635, 1134.7552531859837, 2021-02-26 08:18:56.891967
1636, 1135.3478101210203, 2021-02-26 08:18:57.484524
1637, 1135.5856697430136, 2021-02-26 08:18:57.722384
1638, 1136.2121872790158, 2021-02-26 08:18:58.348897
1639, 1136.3911382720107, 2021-02-26 08:18:58.527852
1640, 1137.3914753480349, 2021-02-26 08:18:59.528188
1641, 1138.233924193075, 2021-02-26 08:19:00.370637
1642, 1139.384825124056, 2021-02-26 08:19:01.521539
1643, 1139.4571213619784, 2021-02-26 08:19:01.593836
1644, 1139.6858800849877, 2021-02-26 08:19:01.822591
1645, 1140.0456140349852, 2021-02-26 08:19:02.182324
1646, 1140.0960885289824, 2021-02-26 08:19:02.232802
1647, 1142.4281324680196, 2021-02-26 08:19:04.564844
1648, 1142.9279528990155, 2021-02-26 08:19:05.064667
1649, 1144.85179947305, 2021-02-26 08:19:06.988512
1650, 1145.4984687810065, 2021-02-26 08:19:07.635183
1651, 1145.7198348480742, 2021-02-26 08:19:07.856549
1652, 1146.695416519069, 2021-02-26 08:19:08.832125
1653, 1146.8140697460622, 2021-02-26 08:19:08.950784
1654, 1147.0972954210592, 2021-02-26 08:19:09.234010
1655, 1148.8645323390374, 2021-02-26 08:19:11.001245
1656, 1149.0083365200553, 2021-02-26 08:19:11.145051
1657, 1150.2331683840603, 2021-02-26 08:19:12.369879
1658, 1150.2722440439975, 2021-02-26 08:19:12.408958
1659, 1151.1980146589922, 2021-02-26 08:19:13.334727
1660, 1151.2491170109715, 2021-02-26 08:19:13.385831
1661, 1151.5542386539746, 2021-02-26 08:19:13.690953
1662, 1151.701414042036, 2021-02-26 08:19:13.838128
1663, 1154.1831345370738, 2021-02-26 08:19:16.319848
1664, 1155.0209833580302, 2021-02-26 08:19:17.157697
1665, 1156.2079669570085, 2021-02-26 08:19:18.344679
1666, 1156.7532713899855, 2021-02-26 08:19:18.889985
1667, 1157.4217761249747, 2021-02-26 08:19:19.558490
1668, 1157.5592268670443, 2021-02-26 08:19:19.695941
1669, 1158.3150713050272, 2021-02-26 08:19:20.451785
1670, 1158.4275521279778, 2021-02-26 08:19:20.564266
1671, 1159.201623647008, 2021-02-26 08:19:21.338337
1672, 1159.4086123739835, 2021-02-26 08:19:21.545327
1673, 1160.2969632539898, 2021-02-26 08:19:22.433677
1674, 1160.3132911709836, 2021-02-26 08:19:22.450006
1675, 1160.7475578839658, 2021-02-26 08:19:22.884272
1676, 1161.0072167089675, 2021-02-26 08:19:23.143931
1677, 1161.0859488330316, 2021-02-26 08:19:23.222663
1678, 1161.7193024780136, 2021-02-26 08:19:23.856017
1679, 1163.1831502419664, 2021-02-26 08:19:25.319864
1680, 1164.0917325000046, 2021-02-26 08:19:26.228446
1681, 1166.8082685139962, 2021-02-26 08:19:28.944982
1682, 1167.127441908, 2021-02-26 08:19:29.264156
1683, 1167.5656442670152, 2021-02-26 08:19:29.702358
1684, 1168.8255109749734, 2021-02-26 08:19:30.962224
1685, 1169.8861938100308, 2021-02-26 08:19:32.022908
1686, 1170.3988231100375, 2021-02-26 08:19:32.535537
1687, 1172.0986676689936, 2021-02-26 08:19:34.235381
1688, 1172.6222546660574, 2021-02-26 08:19:34.758969
1689, 1172.8593646370573, 2021-02-26 08:19:34.996079
1690, 1173.2812052320223, 2021-02-26 08:19:35.417920
1691, 1173.678261514986, 2021-02-26 08:19:35.814976
1692, 1173.8244209300028, 2021-02-26 08:19:35.961135
1693, 1174.5053841660265, 2021-02-26 08:19:36.642098
1694, 1175.0526204099879, 2021-02-26 08:19:37.189335
1695, 1175.3352100210031, 2021-02-26 08:19:37.471924
1696, 1175.4865236619953, 2021-02-26 08:19:37.623238
1697, 1177.1578144649975, 2021-02-26 08:19:39.294528
1698, 1177.1603600790258, 2021-02-26 08:19:39.297075
1699, 1178.1211059329798, 2021-02-26 08:19:40.257819
1700, 1178.1947239079745, 2021-02-26 08:19:40.331438
1701, 1179.218995081028, 2021-02-26 08:19:41.355709
1702, 1179.4955473010195, 2021-02-26 08:19:41.632262
1703, 1180.2356178970076, 2021-02-26 08:19:42.372332
1704, 1182.3540994160576, 2021-02-26 08:19:44.490812
1705, 1182.447785914992, 2021-02-26 08:19:44.584500
1706, 1184.0857504190644, 2021-02-26 08:19:46.222464
1707, 1184.1273327330127, 2021-02-26 08:19:46.264047
1708, 1184.2511803969974, 2021-02-26 08:19:46.387895
1709, 1185.7437888779677, 2021-02-26 08:19:47.880502
1710, 1185.9448830720503, 2021-02-26 08:19:48.081597
1711, 1186.039713714039, 2021-02-26 08:19:48.176428
1712, 1186.5229988100473, 2021-02-26 08:19:48.659713
1713, 1186.798470224021, 2021-02-26 08:19:48.935184
1714, 1186.9910828180145, 2021-02-26 08:19:49.127797
1715, 1187.06549185107, 2021-02-26 08:19:49.202206
1716, 1187.203969358001, 2021-02-26 08:19:49.340684
1717, 1188.108802605071, 2021-02-26 08:19:50.245516
1718, 1188.8875296800397, 2021-02-26 08:19:51.024243
1719, 1189.5556223699823, 2021-02-26 08:19:51.692336
1720, 1189.622324177064, 2021-02-26 08:19:51.759039
1721, 1190.323506119079, 2021-02-26 08:19:52.460219
1722, 1190.4789856780553, 2021-02-26 08:19:52.615700
1723, 1192.4136063450715, 2021-02-26 08:19:54.550319
1724, 1194.033295835019, 2021-02-26 08:19:56.170009
1725, 1194.0958678580355, 2021-02-26 08:19:56.232582
1726, 1194.9295020879945, 2021-02-26 08:19:57.066215
1727, 1195.4724501100136, 2021-02-26 08:19:57.609164
1728, 1196.4911643380765, 2021-02-26 08:19:58.627878
1729, 1196.5138649180299, 2021-02-26 08:19:58.650579
1730, 1197.5995491910726, 2021-02-26 08:19:59.736263
1731, 1198.1462901720079, 2021-02-26 08:20:00.283004
1732, 1198.7342264580075, 2021-02-26 08:20:00.870940
1733, 1200.8055227929726, 2021-02-26 08:20:02.942236
1734, 1202.08672583499, 2021-02-26 08:20:04.223439
1735, 1202.6530597619712, 2021-02-26 08:20:04.789774
1736, 1202.7800276239868, 2021-02-26 08:20:04.916742
1737, 1203.2717183920322, 2021-02-26 08:20:05.408433
1738, 1203.4554044010583, 2021-02-26 08:20:05.592119
1739, 1204.1916235350072, 2021-02-26 08:20:06.328338
1740, 1204.5418044120306, 2021-02-26 08:20:06.678519
1741, 1205.0718501009978, 2021-02-26 08:20:07.208564
1742, 1205.324941881001, 2021-02-26 08:20:07.461656
1743, 1207.1301718790783, 2021-02-26 08:20:09.266886
1744, 1207.4059558330337, 2021-02-26 08:20:09.542670
1745, 1207.5019826759817, 2021-02-26 08:20:09.638697
1746, 1207.6627859430155, 2021-02-26 08:20:09.799500
1747, 1207.7534816199914, 2021-02-26 08:20:09.890196
1748, 1208.4823736720718, 2021-02-26 08:20:10.619087
1749, 1209.0290935710073, 2021-02-26 08:20:11.165807
1750, 1209.2282641279744, 2021-02-26 08:20:11.364979
1751, 1209.478470155038, 2021-02-26 08:20:11.615183
1752, 1209.5395318230148, 2021-02-26 08:20:11.676246
1753, 1210.060708238976, 2021-02-26 08:20:12.197422
1754, 1210.1310431379825, 2021-02-26 08:20:12.267757
1755, 1210.4672075720737, 2021-02-26 08:20:12.603922
1756, 1211.386597217992, 2021-02-26 08:20:13.523310
1757, 1211.6087803510018, 2021-02-26 08:20:13.745495
1758, 1212.0209458440077, 2021-02-26 08:20:14.157660
1759, 1212.6160360319773, 2021-02-26 08:20:14.752750
1760, 1213.1669458290562, 2021-02-26 08:20:15.303660
1761, 1213.3529295889894, 2021-02-26 08:20:15.489644
1762, 1215.5333388070576, 2021-02-26 08:20:17.670049
1763, 1215.9175442949636, 2021-02-26 08:20:18.054258
1764, 1216.31047571206, 2021-02-26 08:20:18.447190
1765, 1216.3826182970079, 2021-02-26 08:20:18.519332
1766, 1216.666509142029, 2021-02-26 08:20:18.803224
1767, 1216.8920359279728, 2021-02-26 08:20:19.028750
1768, 1217.0581009570742, 2021-02-26 08:20:19.194816
1769, 1217.956687752041, 2021-02-26 08:20:20.093401
1770, 1220.1151822600514, 2021-02-26 08:20:22.251895
1771, 1220.7787014889764, 2021-02-26 08:20:22.915416
1772, 1220.9348254309734, 2021-02-26 08:20:23.071540
1773, 1221.2271480089985, 2021-02-26 08:20:23.363862
1774, 1221.2909116400406, 2021-02-26 08:20:23.427626
1775, 1221.5769176280592, 2021-02-26 08:20:23.713632
1776, 1223.799978855066, 2021-02-26 08:20:25.936693
1777, 1224.4411620920291, 2021-02-26 08:20:26.577876
1778, 1224.875097917975, 2021-02-26 08:20:27.011812
1779, 1224.9812481639674, 2021-02-26 08:20:27.117963
1780, 1226.0068086340325, 2021-02-26 08:20:28.143522
1781, 1226.4709905880736, 2021-02-26 08:20:28.607704
1782, 1226.9117941970471, 2021-02-26 08:20:29.048508
1783, 1227.5507191150682, 2021-02-26 08:20:29.687433
1784, 1230.7032219970133, 2021-02-26 08:20:32.839934
1785, 1230.8464601370506, 2021-02-26 08:20:32.983174
1786, 1231.3071762600448, 2021-02-26 08:20:33.443891
1787, 1231.5393372650724, 2021-02-26 08:20:33.676051
1788, 1231.6107110900339, 2021-02-26 08:20:33.747426
1789, 1232.726553946035, 2021-02-26 08:20:34.863267
1790, 1232.8938440469792, 2021-02-26 08:20:35.030558
1791, 1234.148860426969, 2021-02-26 08:20:36.285575
1792, 1236.553976087016, 2021-02-26 08:20:38.690683
1793, 1236.5542977100704, 2021-02-26 08:20:38.691012
1794, 1237.5067472800147, 2021-02-26 08:20:39.643461
1795, 1239.0010736950208, 2021-02-26 08:20:41.137781
1796, 1239.5569939489942, 2021-02-26 08:20:41.693704
1797, 1239.5729272459866, 2021-02-26 08:20:41.709642
1798, 1239.6023266139673, 2021-02-26 08:20:41.739041
1799, 1239.779974982026, 2021-02-26 08:20:41.916685
1800, 1240.155657756026, 2021-02-26 08:20:42.292371
1801, 1240.4497054000385, 2021-02-26 08:20:42.586420
1802, 1241.1776699000038, 2021-02-26 08:20:43.314383
1803, 1241.3653282820014, 2021-02-26 08:20:43.502042
1804, 1241.3663438899675, 2021-02-26 08:20:43.503059
1805, 1243.7505626630737, 2021-02-26 08:20:45.887274
1806, 1244.0653241720283, 2021-02-26 08:20:46.202038
1807, 1244.3154856220353, 2021-02-26 08:20:46.452200
1808, 1244.9054293750087, 2021-02-26 08:20:47.042142
1809, 1245.7579964670585, 2021-02-26 08:20:47.894711
1810, 1247.5409855690086, 2021-02-26 08:20:49.677696
1811, 1248.6943168389844, 2021-02-26 08:20:50.831022
1812, 1249.5397507509915, 2021-02-26 08:20:51.676464
1813, 1249.5963350899983, 2021-02-26 08:20:51.733049
1814, 1249.975492650061, 2021-02-26 08:20:52.112207
1815, 1250.1518803060753, 2021-02-26 08:20:52.288594
1816, 1250.2714604620123, 2021-02-26 08:20:52.408175
1817, 1250.6318782080198, 2021-02-26 08:20:52.768593
1818, 1251.0700904079713, 2021-02-26 08:20:53.206804
1819, 1251.0891495100223, 2021-02-26 08:20:53.225864
1820, 1251.1385655910708, 2021-02-26 08:20:53.275280
1821, 1252.4932173569687, 2021-02-26 08:20:54.629930
1822, 1252.6412025690079, 2021-02-26 08:20:54.777917
1823, 1252.775703988038, 2021-02-26 08:20:54.912417
1824, 1252.8524887220701, 2021-02-26 08:20:54.989203
1825, 1252.9100635959767, 2021-02-26 08:20:55.046778
1826, 1256.9688334850362, 2021-02-26 08:20:59.105545
1827, 1257.450440376997, 2021-02-26 08:20:59.587154
1828, 1257.559160112054, 2021-02-26 08:20:59.695874
1829, 1257.8386307900073, 2021-02-26 08:20:59.975345
1830, 1258.0143828140572, 2021-02-26 08:21:00.151096
1831, 1259.7720598470187, 2021-02-26 08:21:01.908772
1832, 1260.093100382015, 2021-02-26 08:21:02.229814
1833, 1260.1199951929739, 2021-02-26 08:21:02.256709
1834, 1261.3740159440786, 2021-02-26 08:21:03.510728
1835, 1261.5222615780076, 2021-02-26 08:21:03.658976
1836, 1261.7415102160303, 2021-02-26 08:21:03.878225
1837, 1262.2928259749897, 2021-02-26 08:21:04.429540
1838, 1263.112924654968, 2021-02-26 08:21:05.249639
1839, 1263.2559958240017, 2021-02-26 08:21:05.392710
1840, 1263.4864010630408, 2021-02-26 08:21:05.623115
1841, 1264.552128334064, 2021-02-26 08:21:06.688842
1842, 1265.6042497609742, 2021-02-26 08:21:07.740964
1843, 1265.6282972040353, 2021-02-26 08:21:07.765012
1844, 1265.8136604750762, 2021-02-26 08:21:07.950374
1845, 1266.1683949780418, 2021-02-26 08:21:08.305108
1846, 1266.3694396440405, 2021-02-26 08:21:08.506153
1847, 1266.5220045229653, 2021-02-26 08:21:08.658719
1848, 1266.832956586033, 2021-02-26 08:21:08.969671
1849, 1266.9418175980682, 2021-02-26 08:21:09.078532
1850, 1267.893298197072, 2021-02-26 08:21:10.030012
1851, 1267.9100177009823, 2021-02-26 08:21:10.046732
1852, 1268.2790244640782, 2021-02-26 08:21:10.415739
1853, 1268.8142521369737, 2021-02-26 08:21:10.950966
1854, 1270.4606182209682, 2021-02-26 08:21:12.597330
1855, 1271.402188013075, 2021-02-26 08:21:13.538901
1856, 1271.721051711007, 2021-02-26 08:21:13.857766
1857, 1273.2036563940346, 2021-02-26 08:21:15.340370
1858, 1274.1908600929892, 2021-02-26 08:21:16.327574
1859, 1275.9481395490002, 2021-02-26 08:21:18.084853
1860, 1276.206033683964, 2021-02-26 08:21:18.342746
1861, 1276.3735176069895, 2021-02-26 08:21:18.510232
1862, 1276.970861364971, 2021-02-26 08:21:19.107575
1863, 1278.0182311689714, 2021-02-26 08:21:20.154942
1864, 1278.215102851973, 2021-02-26 08:21:20.351817
1865, 1278.2162271990674, 2021-02-26 08:21:20.352942
1866, 1278.8427502029808, 2021-02-26 08:21:20.979464
1867, 1279.0565868290141, 2021-02-26 08:21:21.193301
1868, 1279.1243858450325, 2021-02-26 08:21:21.261100
1869, 1279.1737163930666, 2021-02-26 08:21:21.310431
1870, 1279.3417926010443, 2021-02-26 08:21:21.478507
1871, 1280.1181328609819, 2021-02-26 08:21:22.254846
1872, 1280.8708881490165, 2021-02-26 08:21:23.007603
1873, 1280.9419243200682, 2021-02-26 08:21:23.078639
1874, 1281.574883174966, 2021-02-26 08:21:23.711598
1875, 1281.6339287799783, 2021-02-26 08:21:23.770643
1876, 1282.5713519339915, 2021-02-26 08:21:24.708066
1877, 1282.643452676013, 2021-02-26 08:21:24.780167
1878, 1283.1060082240729, 2021-02-26 08:21:25.242722
1879, 1283.2992457420332, 2021-02-26 08:21:25.435960
1880, 1284.2613396630622, 2021-02-26 08:21:26.398054
1881, 1284.482258995995, 2021-02-26 08:21:26.618973
1882, 1286.4014656869695, 2021-02-26 08:21:28.538179
1883, 1286.575424810988, 2021-02-26 08:21:28.712139
1884, 1287.2067587049678, 2021-02-26 08:21:29.343473
1885, 1287.217339187977, 2021-02-26 08:21:29.354054
1886, 1287.8457090330776, 2021-02-26 08:21:29.982423
1887, 1288.092515754979, 2021-02-26 08:21:30.229229
1888, 1288.4908732150216, 2021-02-26 08:21:30.627587
1889, 1288.5929564819671, 2021-02-26 08:21:30.729670
1890, 1288.919844020973, 2021-02-26 08:21:31.056559
1891, 1289.396692850045, 2021-02-26 08:21:31.533407
1892, 1289.519714349066, 2021-02-26 08:21:31.656429
1893, 1290.4891659590648, 2021-02-26 08:21:32.625876
1894, 1290.7764721170533, 2021-02-26 08:21:32.913186
1895, 1290.991316300002, 2021-02-26 08:21:33.128028
1896, 1291.8862688679947, 2021-02-26 08:21:34.022982
1897, 1292.4189005220542, 2021-02-26 08:21:34.555615
1898, 1293.0795123870485, 2021-02-26 08:21:35.216227
1899, 1294.4069540080382, 2021-02-26 08:21:36.543665
1900, 1294.6750940670026, 2021-02-26 08:21:36.811808
1901, 1295.4534515059786, 2021-02-26 08:21:37.590165
1902, 1295.63097763306, 2021-02-26 08:21:37.767692
1903, 1295.9820668749744, 2021-02-26 08:21:38.118781
1904, 1298.278990974999, 2021-02-26 08:21:40.415701
1905, 1299.1460680749733, 2021-02-26 08:21:41.282782
1906, 1299.4027771140682, 2021-02-26 08:21:41.539491
1907, 1300.8947507010307, 2021-02-26 08:21:43.031461
1908, 1300.963278981042, 2021-02-26 08:21:43.099993
1909, 1301.2208101879805, 2021-02-26 08:21:43.357524
1910, 1301.8790501849726, 2021-02-26 08:21:44.015764
1911, 1302.0982824100647, 2021-02-26 08:21:44.234997
1912, 1302.9765071170405, 2021-02-26 08:21:45.113221
1913, 1303.3643846929772, 2021-02-26 08:21:45.501099
1914, 1305.402380840038, 2021-02-26 08:21:47.539088
1915, 1305.8311376050115, 2021-02-26 08:21:47.967852
1916, 1306.1074543499853, 2021-02-26 08:21:48.244168
1917, 1308.7697602689732, 2021-02-26 08:21:50.906467
1918, 1309.0167585309828, 2021-02-26 08:21:51.153473
1919, 1309.0282409590436, 2021-02-26 08:21:51.164956
1920, 1310.269588157069, 2021-02-26 08:21:52.406299
1921, 1311.61310614401, 2021-02-26 08:21:53.749820
1922, 1311.7796597990673, 2021-02-26 08:21:53.916374
1923, 1312.9072959159967, 2021-02-26 08:21:55.044009
1924, 1314.320424724021, 2021-02-26 08:21:56.457139
1925, 1315.6571415819926, 2021-02-26 08:21:57.793855
1926, 1315.9468961440725, 2021-02-26 08:21:58.083611
1927, 1316.268878094037, 2021-02-26 08:21:58.405592
1928, 1316.7635275539942, 2021-02-26 08:21:58.900242
1929, 1319.249898736016, 2021-02-26 08:22:01.386612
1930, 1319.307727999054, 2021-02-26 08:22:01.444442
1931, 1320.183701756061, 2021-02-26 08:22:02.320409
1932, 1320.3073839680292, 2021-02-26 08:22:02.444096
1933, 1320.8298796500312, 2021-02-26 08:22:02.966593
1934, 1321.2558527410729, 2021-02-26 08:22:03.392567
1935, 1321.5321279380005, 2021-02-26 08:22:03.668842
1936, 1322.396335051977, 2021-02-26 08:22:04.533048
1937, 1323.09539829602, 2021-02-26 08:22:05.232112
1938, 1323.2350706770085, 2021-02-26 08:22:05.371785
1939, 1323.6125085359672, 2021-02-26 08:22:05.749220
1940, 1325.168563010986, 2021-02-26 08:22:07.305275
1941, 1325.6591709690401, 2021-02-26 08:22:07.795885
1942, 1327.0503043120261, 2021-02-26 08:22:09.187017
1943, 1327.2892327849986, 2021-02-26 08:22:09.425947
1944, 1327.519359144033, 2021-02-26 08:22:09.656073
1945, 1328.1718782089883, 2021-02-26 08:22:10.308591
1946, 1331.4081699430244, 2021-02-26 08:22:13.544878
1947, 1331.4938149639638, 2021-02-26 08:22:13.630529
1948, 1332.3155600440223, 2021-02-26 08:22:14.452274
1949, 1332.591571954079, 2021-02-26 08:22:14.728283
1950, 1333.017412277055, 2021-02-26 08:22:15.154127
1951, 1333.4343767290702, 2021-02-26 08:22:15.571091
1952, 1333.9062620800687, 2021-02-26 08:22:16.042976
1953, 1334.0283747339854, 2021-02-26 08:22:16.165089
1954, 1334.2050487030065, 2021-02-26 08:22:16.341763
1955, 1334.6216574220452, 2021-02-26 08:22:16.758368
1956, 1335.7654264260782, 2021-02-26 08:22:17.902137
1957, 1335.8204164720373, 2021-02-26 08:22:17.957131
1958, 1335.8863964379998, 2021-02-26 08:22:18.023108
1959, 1336.9092220240273, 2021-02-26 08:22:19.045932
1960, 1337.5123553989688, 2021-02-26 08:22:19.649070
1961, 1338.1608715930488, 2021-02-26 08:22:20.297585
1962, 1339.818688194966, 2021-02-26 08:22:21.955398
1963, 1339.881505763973, 2021-02-26 08:22:22.018220
1964, 1340.1181523810374, 2021-02-26 08:22:22.254867
1965, 1340.1592365669785, 2021-02-26 08:22:22.295951
1966, 1340.6882531279698, 2021-02-26 08:22:22.824967
1967, 1341.4829160750378, 2021-02-26 08:22:23.619630
1968, 1343.4177131339675, 2021-02-26 08:22:25.554426
1969, 1343.961733867065, 2021-02-26 08:22:26.098448
1970, 1344.4231837929692, 2021-02-26 08:22:26.559898
1971, 1344.5349150350085, 2021-02-26 08:22:26.671630
1972, 1344.6298181989696, 2021-02-26 08:22:26.766533
1973, 1345.403333810973, 2021-02-26 08:22:27.540045
1974, 1346.471841074992, 2021-02-26 08:22:28.608554
1975, 1347.7254952850053, 2021-02-26 08:22:29.862209
1976, 1347.7560279860627, 2021-02-26 08:22:29.892743
1977, 1347.7802478179801, 2021-02-26 08:22:29.916962
1978, 1347.995861669071, 2021-02-26 08:22:30.132575
1979, 1348.3397599010495, 2021-02-26 08:22:30.476474
1980, 1348.6069723879918, 2021-02-26 08:22:30.743687
1981, 1348.7026796280406, 2021-02-26 08:22:30.839394
1982, 1349.1727824700065, 2021-02-26 08:22:31.309497
1983, 1350.0490514970152, 2021-02-26 08:22:32.185765
1984, 1350.2870166819775, 2021-02-26 08:22:32.423731
1985, 1350.8569631429855, 2021-02-26 08:22:32.993677
1986, 1351.4923881379655, 2021-02-26 08:22:33.629102
1987, 1353.1485553960083, 2021-02-26 08:22:35.285269
1988, 1353.449537982, 2021-02-26 08:22:35.586252
1989, 1353.9713454600424, 2021-02-26 08:22:36.108059
1990, 1353.9858666780638, 2021-02-26 08:22:36.122581
1991, 1354.4933518050238, 2021-02-26 08:22:36.630066
1992, 1356.6797743380303, 2021-02-26 08:22:38.816488
1993, 1357.1423401740612, 2021-02-26 08:22:39.279054
1994, 1357.7405390549684, 2021-02-26 08:22:39.877253
1995, 1358.9260081020184, 2021-02-26 08:22:41.062722
1996, 1360.4599050900433, 2021-02-26 08:22:42.596618
1997, 1361.2281867340207, 2021-02-26 08:22:43.364901
1998, 1361.458693188033, 2021-02-26 08:22:43.595407
1999, 1361.9481828770367, 2021-02-26 08:22:44.084897
2000, 1362.2013090479886, 2021-02-26 08:22:44.338023
2001, 1362.312020665966, 2021-02-26 08:22:44.448735
2002, 1362.4818825409748, 2021-02-26 08:22:44.618597
2003, 1362.6540436090436, 2021-02-26 08:22:44.790758
2004, 1363.2941261479864, 2021-02-26 08:22:45.430841
2005, 1364.7604450050276, 2021-02-26 08:22:46.897159
2006, 1365.809939504019, 2021-02-26 08:22:47.946654
2007, 1366.5379218750168, 2021-02-26 08:22:48.674634
2008, 1366.8050508879824, 2021-02-26 08:22:48.941765
2009, 1366.9492661460536, 2021-02-26 08:22:49.085981
2010, 1367.9162446319824, 2021-02-26 08:22:50.052953
2011, 1368.462731720996, 2021-02-26 08:22:50.599446
2012, 1368.5610695210053, 2021-02-26 08:22:50.697783
2013, 1368.964672453003, 2021-02-26 08:22:51.101386
2014, 1368.9761822520522, 2021-02-26 08:22:51.112897
2015, 1369.275117331068, 2021-02-26 08:22:51.411831
2016, 1369.8023118380224, 2021-02-26 08:22:51.939025
2017, 1372.0407692260342, 2021-02-26 08:22:54.177481
2018, 1372.8203882579692, 2021-02-26 08:22:54.957102
2019, 1373.290807849029, 2021-02-26 08:22:55.427522
2020, 1373.3265003700508, 2021-02-26 08:22:55.463215
2021, 1373.5449781870702, 2021-02-26 08:22:55.681688
2022, 1375.6000301169697, 2021-02-26 08:22:57.736737
2023, 1375.6870522630634, 2021-02-26 08:22:57.823766
2024, 1375.821953086066, 2021-02-26 08:22:57.958667
2025, 1376.0114802060416, 2021-02-26 08:22:58.148194
2026, 1376.6464105279883, 2021-02-26 08:22:58.783124
2027, 1376.936434886069, 2021-02-26 08:22:59.073149
2028, 1377.0864093609853, 2021-02-26 08:22:59.223124
2029, 1378.5970414390322, 2021-02-26 08:23:00.733750
2030, 1379.376189172035, 2021-02-26 08:23:01.512902
2031, 1379.6620653569698, 2021-02-26 08:23:01.798780
2032, 1379.8765179630136, 2021-02-26 08:23:02.013232
2033, 1380.599177642027, 2021-02-26 08:23:02.735887
2034, 1380.9452902129851, 2021-02-26 08:23:03.082001
2035, 1381.891930524027, 2021-02-26 08:23:04.028639
2036, 1383.609225842054, 2021-02-26 08:23:05.745935
2037, 1383.7537408750504, 2021-02-26 08:23:05.890455
2038, 1384.0461511680624, 2021-02-26 08:23:06.182863
2039, 1385.7326918480685, 2021-02-26 08:23:07.869403
2040, 1387.4863240160048, 2021-02-26 08:23:09.623037
2041, 1387.7526976249646, 2021-02-26 08:23:09.889412
2042, 1388.1523262240225, 2021-02-26 08:23:10.289040
2043, 1389.2584100840613, 2021-02-26 08:23:11.395124
2044, 1389.6054562500212, 2021-02-26 08:23:11.742170
2045, 1391.1991508400533, 2021-02-26 08:23:13.335864
2046, 1391.989173267968, 2021-02-26 08:23:14.125887
2047, 1393.4396294490434, 2021-02-26 08:23:15.576340
2048, 1393.563903606031, 2021-02-26 08:23:15.700618
2049, 1394.4070194030646, 2021-02-26 08:23:16.543733
2050, 1394.5956813039957, 2021-02-26 08:23:16.732395
2051, 1395.8144572540186, 2021-02-26 08:23:17.951171
2052, 1396.7873502069851, 2021-02-26 08:23:18.924064
2053, 1397.2735232460545, 2021-02-26 08:23:19.410237
2054, 1397.5874199890532, 2021-02-26 08:23:19.724134
2055, 1397.8386883200146, 2021-02-26 08:23:19.975402
2056, 1398.0308915750356, 2021-02-26 08:23:20.167606
2057, 1398.150980356033, 2021-02-26 08:23:20.287695
2058, 1399.0915358130587, 2021-02-26 08:23:21.228250
2059, 1399.7337388360174, 2021-02-26 08:23:21.870452
2060, 1400.139559664065, 2021-02-26 08:23:22.276274
2061, 1400.1527285960037, 2021-02-26 08:23:22.289443
2062, 1400.390772275976, 2021-02-26 08:23:22.527487
2063, 1401.4364115850767, 2021-02-26 08:23:23.573123
2064, 1402.2331256059697, 2021-02-26 08:23:24.369839
2065, 1402.3402158219833, 2021-02-26 08:23:24.476930
2066, 1402.5288676150376, 2021-02-26 08:23:24.665582
2067, 1403.2302866040263, 2021-02-26 08:23:25.367000
2068, 1403.4582483810373, 2021-02-26 08:23:25.594962
2069, 1404.4122479370562, 2021-02-26 08:23:26.548962
2070, 1405.1134456360014, 2021-02-26 08:23:27.250160
2071, 1405.2706790580414, 2021-02-26 08:23:27.407393
2072, 1405.5280023789965, 2021-02-26 08:23:27.664714
2073, 1406.1481891759904, 2021-02-26 08:23:28.284903
2074, 1406.3475059519988, 2021-02-26 08:23:28.484220
2075, 1407.0738734480692, 2021-02-26 08:23:29.210588
2076, 1407.6307259600144, 2021-02-26 08:23:29.767440
2077, 1407.6866932869889, 2021-02-26 08:23:29.823408
2078, 1409.0295911770081, 2021-02-26 08:23:31.166304
2079, 1409.0351976540405, 2021-02-26 08:23:31.171912
2080, 1409.6030093670124, 2021-02-26 08:23:31.739724
2081, 1409.6844284470426, 2021-02-26 08:23:31.821143
2082, 1410.273325485061, 2021-02-26 08:23:32.410040
2083, 1411.3548960840562, 2021-02-26 08:23:33.491609
2084, 1411.6619783240603, 2021-02-26 08:23:33.798693
2085, 1411.894657302997, 2021-02-26 08:23:34.031372
2086, 1412.7076721650083, 2021-02-26 08:23:34.844386
2087, 1413.3302086780313, 2021-02-26 08:23:35.466923
2088, 1415.6050942280563, 2021-02-26 08:23:37.741808
2089, 1415.6287812030641, 2021-02-26 08:23:37.765496
2090, 1416.892201835988, 2021-02-26 08:23:39.028913
2091, 1417.9701941100648, 2021-02-26 08:23:40.106901
2092, 1421.3410185800167, 2021-02-26 08:23:43.477724
2093, 1422.0631055660779, 2021-02-26 08:23:44.199819
2094, 1422.1344048370374, 2021-02-26 08:23:44.271119
2095, 1422.4601130860392, 2021-02-26 08:23:44.596824
2096, 1423.677576232003, 2021-02-26 08:23:45.814290
2097, 1424.1323229150148, 2021-02-26 08:23:46.269037
2098, 1424.2158386009978, 2021-02-26 08:23:46.352553
2099, 1425.321702772053, 2021-02-26 08:23:47.458416
2100, 1425.6198820340214, 2021-02-26 08:23:47.756596
2101, 1425.758259793045, 2021-02-26 08:23:47.894974
2102, 1426.9389822940575, 2021-02-26 08:23:49.075696
2103, 1427.3344134420622, 2021-02-26 08:23:49.471128
2104, 1428.4117819630774, 2021-02-26 08:23:50.548494
2105, 1428.5289131599711, 2021-02-26 08:23:50.665627
2106, 1428.8674689990003, 2021-02-26 08:23:51.004182
2107, 1429.1937466460513, 2021-02-26 08:23:51.330461
2108, 1431.0665118739707, 2021-02-26 08:23:53.203220
2109, 1431.5570026950445, 2021-02-26 08:23:53.693716
2110, 1431.7064851709874, 2021-02-26 08:23:53.843200
2111, 1431.7319640900241, 2021-02-26 08:23:53.868678
2112, 1432.6796213260386, 2021-02-26 08:23:54.816335
2113, 1433.0556125059957, 2021-02-26 08:23:55.192327
2114, 1433.4869372129906, 2021-02-26 08:23:55.623649
2115, 1434.1395716950065, 2021-02-26 08:23:56.276286
2116, 1434.4049490990583, 2021-02-26 08:23:56.541663
2117, 1434.4305427940562, 2021-02-26 08:23:56.567257
2118, 1434.5419106850168, 2021-02-26 08:23:56.678625
2119, 1434.7900846090633, 2021-02-26 08:23:56.926799
2120, 1435.7649050670443, 2021-02-26 08:23:57.901617
2121, 1436.1405212370446, 2021-02-26 08:23:58.277235
2122, 1437.7388099479722, 2021-02-26 08:23:59.875520
2123, 1438.047190392972, 2021-02-26 08:24:00.183904
2124, 1439.3136214590631, 2021-02-26 08:24:01.450334
2125, 1440.14833964, 2021-02-26 08:24:02.285052
2126, 1442.0347852200503, 2021-02-26 08:24:04.171496
2127, 1442.0480370579753, 2021-02-26 08:24:04.184752
2128, 1442.5288615099853, 2021-02-26 08:24:04.665576
2129, 1443.0162396599771, 2021-02-26 08:24:05.152954
2130, 1443.4563442090293, 2021-02-26 08:24:05.593059
2131, 1443.8960951729678, 2021-02-26 08:24:06.032809
2132, 1443.9727806689916, 2021-02-26 08:24:06.109495
2133, 1444.4798799320124, 2021-02-26 08:24:06.616594
2134, 1444.7152823259821, 2021-02-26 08:24:06.851997
2135, 1446.036898524966, 2021-02-26 08:24:08.173610
2136, 1446.395612585009, 2021-02-26 08:24:08.532326
2137, 1446.6902787219733, 2021-02-26 08:24:08.826993
2138, 1446.830321321031, 2021-02-26 08:24:08.967036
2139, 1446.9710904230596, 2021-02-26 08:24:09.107805
2140, 1447.296616833075, 2021-02-26 08:24:09.433331
2141, 1447.4476907600183, 2021-02-26 08:24:09.584405
2142, 1448.688819175004, 2021-02-26 08:24:10.825533
2143, 1448.8410528750392, 2021-02-26 08:24:10.977767
2144, 1449.0901746919844, 2021-02-26 08:24:11.226889
2145, 1449.7447476079687, 2021-02-26 08:24:11.881462
2146, 1450.1368928330485, 2021-02-26 08:24:12.273607
2147, 1450.4774146570126, 2021-02-26 08:24:12.614129
2148, 1450.5292763119796, 2021-02-26 08:24:12.665991
2149, 1450.8521103899693, 2021-02-26 08:24:12.988825
2150, 1451.6218641960295, 2021-02-26 08:24:13.758578
2151, 1452.1328449940775, 2021-02-26 08:24:14.269559
2152, 1453.8854279649677, 2021-02-26 08:24:16.022140
2153, 1454.0268899240764, 2021-02-26 08:24:16.163604
2154, 1454.4560674630338, 2021-02-26 08:24:16.592782
2155, 1454.4735677880235, 2021-02-26 08:24:16.610282
2156, 1455.200984413037, 2021-02-26 08:24:17.337699
2157, 1456.3095415469725, 2021-02-26 08:24:18.446256
2158, 1458.6479375470662, 2021-02-26 08:24:20.784650
2159, 1458.8499083360657, 2021-02-26 08:24:20.986623
2160, 1459.2242644680664, 2021-02-26 08:24:21.360978
2161, 1459.2299165739678, 2021-02-26 08:24:21.366631
2162, 1459.8710635880707, 2021-02-26 08:24:22.007778
2163, 1459.9509034639923, 2021-02-26 08:24:22.087618
2164, 1460.7812669379637, 2021-02-26 08:24:22.917981
2165, 1461.3746668980457, 2021-02-26 08:24:23.511381
2166, 1461.935144036077, 2021-02-26 08:24:24.071858
2167, 1462.792300792993, 2021-02-26 08:24:24.929015
2168, 1463.6887886690674, 2021-02-26 08:24:25.825503
2169, 1463.7799529790645, 2021-02-26 08:24:25.916667
2170, 1464.5512229310116, 2021-02-26 08:24:26.687935
2171, 1465.117090163054, 2021-02-26 08:24:27.253804
2172, 1465.2942974260077, 2021-02-26 08:24:27.431012
2173, 1465.3927086250624, 2021-02-26 08:24:27.529423
2174, 1467.109039086965, 2021-02-26 08:24:29.245751
2175, 1467.334401953034, 2021-02-26 08:24:29.471116
2176, 1467.5491491480498, 2021-02-26 08:24:29.685863
2177, 1467.6085033350391, 2021-02-26 08:24:29.745218
2178, 1467.8282486860408, 2021-02-26 08:24:29.964963
2179, 1468.2373657920398, 2021-02-26 08:24:30.374078
2180, 1468.4542152030626, 2021-02-26 08:24:30.590929
2181, 1468.5184448270593, 2021-02-26 08:24:30.655159
2182, 1469.1360440540593, 2021-02-26 08:24:31.272758
2183, 1471.8176763060037, 2021-02-26 08:24:33.954389
2184, 1472.186953805969, 2021-02-26 08:24:34.323668
2185, 1472.7923068060772, 2021-02-26 08:24:34.929020
2186, 1473.075084676966, 2021-02-26 08:24:35.211799
2187, 1473.6965192350326, 2021-02-26 08:24:35.833233
2188, 1474.362755279988, 2021-02-26 08:24:36.499470
2189, 1474.9638848300092, 2021-02-26 08:24:37.100599
2190, 1475.7390076749725, 2021-02-26 08:24:37.875722
2191, 1475.8656723119784, 2021-02-26 08:24:38.002387
2192, 1476.9186330949888, 2021-02-26 08:24:39.055347
2193, 1477.096400700044, 2021-02-26 08:24:39.233115
2194, 1478.2968776189955, 2021-02-26 08:24:40.433590
2195, 1479.2323714849772, 2021-02-26 08:24:41.369085
2196, 1479.5170193939703, 2021-02-26 08:24:41.653734
2197, 1479.9651611839654, 2021-02-26 08:24:42.101876
2198, 1481.8833496720763, 2021-02-26 08:24:44.020063
2199, 1483.052028325037, 2021-02-26 08:24:45.188742
2200, 1484.8086706940085, 2021-02-26 08:24:46.945384
2201, 1486.6787351990351, 2021-02-26 08:24:48.815447
2202, 1486.8198892059736, 2021-02-26 08:24:48.956604
2203, 1487.8664010220673, 2021-02-26 08:24:50.003108
2204, 1488.2600730090635, 2021-02-26 08:24:50.396786
2205, 1488.3664369160542, 2021-02-26 08:24:50.503151
2206, 1488.4411734180758, 2021-02-26 08:24:50.577888
2207, 1488.501562011079, 2021-02-26 08:24:50.638276
2208, 1488.8439576070523, 2021-02-26 08:24:50.980671
2209, 1489.742879937985, 2021-02-26 08:24:51.879593
2210, 1490.5189419779927, 2021-02-26 08:24:52.655655
2211, 1491.3362034320598, 2021-02-26 08:24:53.472917
2212, 1491.677323629032, 2021-02-26 08:24:53.814037
2213, 1494.5747316230554, 2021-02-26 08:24:56.711444
2214, 1494.7723395640496, 2021-02-26 08:24:56.909054
2215, 1494.9862718380755, 2021-02-26 08:24:57.122986
2216, 1495.0703878509812, 2021-02-26 08:24:57.207102
2217, 1496.1466565270675, 2021-02-26 08:24:58.283370
2218, 1496.534511617967, 2021-02-26 08:24:58.671226
2219, 1499.2236555119744, 2021-02-26 08:25:01.360365
2220, 1500.422990296036, 2021-02-26 08:25:02.559698
2221, 1500.4633286710596, 2021-02-26 08:25:02.600043
2222, 1500.607541710022, 2021-02-26 08:25:02.744256
2223, 1502.1504434980452, 2021-02-26 08:25:04.287151
2224, 1502.3875933330273, 2021-02-26 08:25:04.524307
2225, 1503.366644475027, 2021-02-26 08:25:05.503353
2226, 1503.492405375, 2021-02-26 08:25:05.629120
2227, 1504.141485013999, 2021-02-26 08:25:06.278199
2228, 1505.2975991170388, 2021-02-26 08:25:07.434310
2229, 1506.0546611140016, 2021-02-26 08:25:08.191373
2230, 1507.5832813329762, 2021-02-26 08:25:09.719994
2231, 1507.6114727719687, 2021-02-26 08:25:09.748187
2232, 1508.2705071730306, 2021-02-26 08:25:10.407220
2233, 1509.12992605404, 2021-02-26 08:25:11.266639
2234, 1513.481066895998, 2021-02-26 08:25:15.617778
2235, 1513.7415473300498, 2021-02-26 08:25:15.878262
2236, 1514.6760133049684, 2021-02-26 08:25:16.812728
2237, 1515.4322731960565, 2021-02-26 08:25:17.568987
2238, 1515.9589134290582, 2021-02-26 08:25:18.095627
2239, 1516.2426104049664, 2021-02-26 08:25:18.379325
2240, 1516.6369828509632, 2021-02-26 08:25:18.773697
2241, 1516.95728552097, 2021-02-26 08:25:19.094000
2242, 1517.151617940981, 2021-02-26 08:25:19.288332
2243, 1519.005612908979, 2021-02-26 08:25:21.142327
2244, 1519.301785259042, 2021-02-26 08:25:21.438500
2245, 1520.507948981016, 2021-02-26 08:25:22.644662
2246, 1522.02597443806, 2021-02-26 08:25:24.162688
2247, 1523.8503827240784, 2021-02-26 08:25:25.987096
2248, 1525.6544233009918, 2021-02-26 08:25:27.791137
2249, 1527.7174353860319, 2021-02-26 08:25:29.854136
2250, 1527.8250949750654, 2021-02-26 08:25:29.961809
2251, 1527.8654782209778, 2021-02-26 08:25:30.002193
2252, 1528.6524193440564, 2021-02-26 08:25:30.789133
2253, 1528.8638422690565, 2021-02-26 08:25:31.000557
2254, 1529.0336634160485, 2021-02-26 08:25:31.170377
2255, 1531.241917030071, 2021-02-26 08:25:33.378631
2256, 1531.2857408169657, 2021-02-26 08:25:33.422455
2257, 1531.304989367025, 2021-02-26 08:25:33.441704
2258, 1531.5269996860297, 2021-02-26 08:25:33.663714
2259, 1531.9922079070238, 2021-02-26 08:25:34.128921
2260, 1532.6157948829932, 2021-02-26 08:25:34.752507
2261, 1533.2798390659736, 2021-02-26 08:25:35.416553
2262, 1534.3762267939746, 2021-02-26 08:25:36.512940
2263, 1534.784061933984, 2021-02-26 08:25:36.920776
2264, 1535.3435047450475, 2021-02-26 08:25:37.480219
2265, 1536.4704869040288, 2021-02-26 08:25:38.607201
2266, 1536.6231702190125, 2021-02-26 08:25:38.759885
2267, 1537.5389209680725, 2021-02-26 08:25:39.675633
2268, 1539.5952953960514, 2021-02-26 08:25:41.732008
2269, 1540.874844506965, 2021-02-26 08:25:43.011558
2270, 1540.894398162025, 2021-02-26 08:25:43.031113
2271, 1541.0898610079894, 2021-02-26 08:25:43.226575
2272, 1541.4998754389817, 2021-02-26 08:25:43.636589
2273, 1542.3602902330458, 2021-02-26 08:25:44.497004
2274, 1543.7186241960153, 2021-02-26 08:25:45.855336
2275, 1544.7209026779747, 2021-02-26 08:25:46.857616
2276, 1545.2004206860438, 2021-02-26 08:25:47.337135
2277, 1545.2771978910314, 2021-02-26 08:25:47.413912
2278, 1545.8146624349756, 2021-02-26 08:25:47.951377
2279, 1546.3365316870622, 2021-02-26 08:25:48.473246
2280, 1546.7326561079826, 2021-02-26 08:25:48.869370
2281, 1546.7650977399899, 2021-02-26 08:25:48.901812
2282, 1547.6532075820724, 2021-02-26 08:25:49.789921
2283, 1547.902591195074, 2021-02-26 08:25:50.039306
2284, 1548.73924557399, 2021-02-26 08:25:50.875960
2285, 1549.4624639060348, 2021-02-26 08:25:51.599178
2286, 1550.8751632079948, 2021-02-26 08:25:53.011877
2287, 1551.1286907000467, 2021-02-26 08:25:53.265405
2288, 1551.9572468210245, 2021-02-26 08:25:54.093961
2289, 1554.057795093977, 2021-02-26 08:25:56.194509
2290, 1555.3700694399886, 2021-02-26 08:25:57.506783
2291, 1555.837472793064, 2021-02-26 08:25:57.974187
2292, 1557.1980258190306, 2021-02-26 08:25:59.334740
2293, 1558.8924851759803, 2021-02-26 08:26:01.029198
2294, 1559.189104935038, 2021-02-26 08:26:01.325819
2295, 1560.1576213809894, 2021-02-26 08:26:02.294334
2296, 1561.3584255540045, 2021-02-26 08:26:03.495139
2297, 1561.8046789909713, 2021-02-26 08:26:03.941393
2298, 1562.075681702001, 2021-02-26 08:26:04.212396
2299, 1562.1905837750528, 2021-02-26 08:26:04.327298
2300, 1562.193084130995, 2021-02-26 08:26:04.329799
2301, 1562.5716821580427, 2021-02-26 08:26:04.708396
2302, 1562.6945387349697, 2021-02-26 08:26:04.831253
2303, 1562.8555563460104, 2021-02-26 08:26:04.992271
2304, 1563.6544930629898, 2021-02-26 08:26:05.791208
2305, 1564.2311268320773, 2021-02-26 08:26:06.367841
2306, 1564.4724692610325, 2021-02-26 08:26:06.609183
2307, 1564.655533439014, 2021-02-26 08:26:06.792248
2308, 1565.9950117779663, 2021-02-26 08:26:08.131726
2309, 1566.0794445860665, 2021-02-26 08:26:08.216159
2310, 1568.4177397399908, 2021-02-26 08:26:10.554452
2311, 1568.544203892001, 2021-02-26 08:26:10.680918
2312, 1569.2652418380603, 2021-02-26 08:26:11.401956
2313, 1569.4023712159833, 2021-02-26 08:26:11.539086
2314, 1569.8370280789677, 2021-02-26 08:26:11.973742
2315, 1570.8473014379852, 2021-02-26 08:26:12.984014
2316, 1571.0497594240587, 2021-02-26 08:26:13.186474
2317, 1571.1963153510587, 2021-02-26 08:26:13.333030
2318, 1571.641372611979, 2021-02-26 08:26:13.778087
2319, 1573.2533185119973, 2021-02-26 08:26:15.390031
2320, 1574.6154700439656, 2021-02-26 08:26:16.752183
2321, 1574.6593655350152, 2021-02-26 08:26:16.796080
2322, 1574.8328825579956, 2021-02-26 08:26:16.969597
2323, 1575.177462748019, 2021-02-26 08:26:17.314177
2324, 1575.4120402990375, 2021-02-26 08:26:17.548755
2325, 1575.7154460540041, 2021-02-26 08:26:17.852160
2326, 1575.7686791680753, 2021-02-26 08:26:17.905393
2327, 1577.4837982590543, 2021-02-26 08:26:19.620512
2328, 1577.9636899400502, 2021-02-26 08:26:20.100404
2329, 1578.8603767970344, 2021-02-26 08:26:20.997090
2330, 1579.5721187529853, 2021-02-26 08:26:21.708833
2331, 1580.8841515589738, 2021-02-26 08:26:23.020865
2332, 1582.9091930020368, 2021-02-26 08:26:25.045903
2333, 1582.944641091046, 2021-02-26 08:26:25.081355
2334, 1582.948486568057, 2021-02-26 08:26:25.085201
2335, 1582.9569717469858, 2021-02-26 08:26:25.093686
2336, 1587.2405123870121, 2021-02-26 08:26:29.377223
2337, 1587.259886897984, 2021-02-26 08:26:29.396601
2338, 1588.206813808065, 2021-02-26 08:26:30.343528
2339, 1588.4984812510666, 2021-02-26 08:26:30.635195
2340, 1589.2330068760784, 2021-02-26 08:26:31.369721
2341, 1589.9088880349882, 2021-02-26 08:26:32.045602
2342, 1590.767147465027, 2021-02-26 08:26:32.903862
2343, 1591.7988999950467, 2021-02-26 08:26:33.935614
2344, 1591.975806063041, 2021-02-26 08:26:34.112520
2345, 1592.0536397859687, 2021-02-26 08:26:34.190354
2346, 1593.3876458780142, 2021-02-26 08:26:35.524360
2347, 1593.4175769700669, 2021-02-26 08:26:35.554291
2348, 1593.447098218021, 2021-02-26 08:26:35.583813
2349, 1593.546157711069, 2021-02-26 08:26:35.682872
2350, 1593.8126964090625, 2021-02-26 08:26:35.949411
2351, 1594.1789570120163, 2021-02-26 08:26:36.315671
2352, 1594.5930182500742, 2021-02-26 08:26:36.729733
2353, 1595.8235176830785, 2021-02-26 08:26:37.960232
2354, 1596.212530173012, 2021-02-26 08:26:38.349244
2355, 1596.3276695410023, 2021-02-26 08:26:38.464384
2356, 1596.5391953650396, 2021-02-26 08:26:38.675909
2357, 1597.2085692160763, 2021-02-26 08:26:39.345283
2358, 1597.4431318470743, 2021-02-26 08:26:39.579846
2359, 1598.790492727072, 2021-02-26 08:26:40.927198
2360, 1598.998005910078, 2021-02-26 08:26:41.134720
2361, 1599.4033881790238, 2021-02-26 08:26:41.540099
2362, 1599.4375394620001, 2021-02-26 08:26:41.574254
2363, 1599.8479953859933, 2021-02-26 08:26:41.984709
2364, 1599.9484054630157, 2021-02-26 08:26:42.085118
2365, 1600.5804570229957, 2021-02-26 08:26:42.717170
2366, 1601.8098966510734, 2021-02-26 08:26:43.946609
2367, 1602.6869471489917, 2021-02-26 08:26:44.823661
2368, 1603.1135307439836, 2021-02-26 08:26:45.250244
2369, 1604.2101055160165, 2021-02-26 08:26:46.346819
2370, 1605.482608637074, 2021-02-26 08:26:47.619320
2371, 1605.9820143929683, 2021-02-26 08:26:48.118727
2372, 1606.2952061949763, 2021-02-26 08:26:48.431920
2373, 1607.2139541039942, 2021-02-26 08:26:49.350667
2374, 1607.3949586639646, 2021-02-26 08:26:49.531673
2375, 1607.8750884260517, 2021-02-26 08:26:50.011794
2376, 1608.5001022269716, 2021-02-26 08:26:50.636814
2377, 1608.573737555067, 2021-02-26 08:26:50.710451
2378, 1608.602376415045, 2021-02-26 08:26:50.739091
2379, 1609.446821860969, 2021-02-26 08:26:51.583535
2380, 1609.7555519780144, 2021-02-26 08:26:51.892266
2381, 1610.4962176210247, 2021-02-26 08:26:52.632930
2382, 1611.3921769610606, 2021-02-26 08:26:53.528890
2383, 1611.7911966040265, 2021-02-26 08:26:53.927911
2384, 1612.2669754560338, 2021-02-26 08:26:54.403689
2385, 1612.818460779963, 2021-02-26 08:26:54.955172
2386, 1613.8724055050407, 2021-02-26 08:26:56.009119
2387, 1614.1624800419668, 2021-02-26 08:26:56.299194
2388, 1614.6038115250412, 2021-02-26 08:26:56.740525
2389, 1614.9768083849922, 2021-02-26 08:26:57.113523
2390, 1615.327697752975, 2021-02-26 08:26:57.464412
2391, 1616.0918020680547, 2021-02-26 08:26:58.228515
2392, 1617.0875166889746, 2021-02-26 08:26:59.224228
2393, 1617.3815725150052, 2021-02-26 08:26:59.518287
2394, 1617.6695040779887, 2021-02-26 08:26:59.806218
2395, 1618.2148337890394, 2021-02-26 08:27:00.351548
2396, 1618.4931333999848, 2021-02-26 08:27:00.629847
2397, 1620.8659766700584, 2021-02-26 08:27:03.002684
2398, 1621.07373353804, 2021-02-26 08:27:03.210448
2399, 1621.9846800790401, 2021-02-26 08:27:04.121394
2400, 1622.0064965590136, 2021-02-26 08:27:04.143211
2401, 1622.0757430520607, 2021-02-26 08:27:04.212457
2402, 1623.556247239001, 2021-02-26 08:27:05.692958
2403, 1623.6913258499699, 2021-02-26 08:27:05.828040
2404, 1624.5581317400793, 2021-02-26 08:27:06.694845
2405, 1626.0694527630694, 2021-02-26 08:27:08.206166
2406, 1626.1044690849958, 2021-02-26 08:27:08.241183
2407, 1627.1088435180718, 2021-02-26 08:27:09.245557
2408, 1628.0759732680162, 2021-02-26 08:27:10.212686
2409, 1628.2157190809958, 2021-02-26 08:27:10.352433
2410, 1628.817996726022, 2021-02-26 08:27:10.954709
2411, 1628.9714267409872, 2021-02-26 08:27:11.108141
2412, 1629.380026341998, 2021-02-26 08:27:11.516740
2413, 1630.0998965690378, 2021-02-26 08:27:12.236610
2414, 1630.4718332890188, 2021-02-26 08:27:12.608548
2415, 1631.2476694660727, 2021-02-26 08:27:13.384384
2416, 1631.7100276179845, 2021-02-26 08:27:13.846741
2417, 1632.355028726044, 2021-02-26 08:27:14.491742
2418, 1633.4776207869872, 2021-02-26 08:27:15.614334
2419, 1633.6513629250694, 2021-02-26 08:27:15.788077
2420, 1634.5220342980465, 2021-02-26 08:27:16.658748
2421, 1635.0615948559716, 2021-02-26 08:27:17.198309
2422, 1635.797982378048, 2021-02-26 08:27:17.934696
2423, 1637.2083509929944, 2021-02-26 08:27:19.345065
2424, 1637.524599427008, 2021-02-26 08:27:19.661314
2425, 1639.4492036950542, 2021-02-26 08:27:21.585913
2426, 1639.4546245289966, 2021-02-26 08:27:21.591339
2427, 1639.5888502700254, 2021-02-26 08:27:21.725564
2428, 1640.088224317995, 2021-02-26 08:27:22.224937
2429, 1640.968102987972, 2021-02-26 08:27:23.104817
2430, 1641.9038773319917, 2021-02-26 08:27:24.040590
2431, 1642.1157594709657, 2021-02-26 08:27:24.252474
2432, 1642.3358570900746, 2021-02-26 08:27:24.472572
2433, 1642.8908064300194, 2021-02-26 08:27:25.027520
2434, 1644.2677170500392, 2021-02-26 08:27:26.404428
2435, 1644.9509249220137, 2021-02-26 08:27:27.087639
2436, 1645.0409117890522, 2021-02-26 08:27:27.177626
2437, 1645.840850278968, 2021-02-26 08:27:27.977564
2438, 1645.8506032460136, 2021-02-26 08:27:27.987317
2439, 1646.1043182910653, 2021-02-26 08:27:28.241033
2440, 1646.803478579037, 2021-02-26 08:27:28.940192
2441, 1647.094914298039, 2021-02-26 08:27:29.231628
2442, 1647.6124380520778, 2021-02-26 08:27:29.749152
2443, 1649.6536336779827, 2021-02-26 08:27:31.790346
2444, 1650.1326280150097, 2021-02-26 08:27:32.269342
2445, 1651.386510801036, 2021-02-26 08:27:33.523225
2446, 1651.9546743200626, 2021-02-26 08:27:34.091388
2447, 1653.2957923280774, 2021-02-26 08:27:35.432506
2448, 1654.011142604053, 2021-02-26 08:27:36.147857
2449, 1655.3261112580076, 2021-02-26 08:27:37.462825
2450, 1656.3591727210442, 2021-02-26 08:27:38.495887
2451, 1658.1742538789986, 2021-02-26 08:27:40.310968
2452, 1660.7149781279732, 2021-02-26 08:27:42.851692
2453, 1661.1170124650234, 2021-02-26 08:27:43.253724
2454, 1661.8391773470212, 2021-02-26 08:27:43.975891
2455, 1662.7791192680597, 2021-02-26 08:27:44.915833
2456, 1663.439542392036, 2021-02-26 08:27:45.576257
2457, 1663.5360329049872, 2021-02-26 08:27:45.672747
2458, 1663.8399388740072, 2021-02-26 08:27:45.976653
2459, 1664.0397624650504, 2021-02-26 08:27:46.176477
2460, 1664.20921649097, 2021-02-26 08:27:46.345931
2461, 1666.3028674040688, 2021-02-26 08:27:48.439576
2462, 1666.6424267020775, 2021-02-26 08:27:48.779139
2463, 1667.0122094210237, 2021-02-26 08:27:49.148921
2464, 1667.4837749149883, 2021-02-26 08:27:49.620489
2465, 1668.7098688950064, 2021-02-26 08:27:50.846577
2466, 1668.9870765010128, 2021-02-26 08:27:51.123791
2467, 1669.4974839830538, 2021-02-26 08:27:51.634198
2468, 1669.7773022030015, 2021-02-26 08:27:51.914013
2469, 1670.2272838799981, 2021-02-26 08:27:52.363997
2470, 1670.6839824559866, 2021-02-26 08:27:52.820696
2471, 1671.0557908749906, 2021-02-26 08:27:53.192505
2472, 1671.3615568450186, 2021-02-26 08:27:53.498271
2473, 1672.2446218030527, 2021-02-26 08:27:54.381336
2474, 1673.077299622004, 2021-02-26 08:27:55.214013
2475, 1673.4051487890538, 2021-02-26 08:27:55.541863
2476, 1673.587857546052, 2021-02-26 08:27:55.724572
2477, 1673.8485763410572, 2021-02-26 08:27:55.985291
2478, 1675.7351802129997, 2021-02-26 08:27:57.871891
2479, 1677.2325734830229, 2021-02-26 08:27:59.369286
2480, 1677.6163258639863, 2021-02-26 08:27:59.753040
2481, 1677.823936835979, 2021-02-26 08:27:59.960651
2482, 1678.670204529073, 2021-02-26 08:28:00.806917
2483, 1678.8753943840275, 2021-02-26 08:28:01.012104
2484, 1678.9843656619778, 2021-02-26 08:28:01.121080
2485, 1679.839468306047, 2021-02-26 08:28:01.976180
2486, 1680.0750844670692, 2021-02-26 08:28:02.211799
2487, 1680.1152505000355, 2021-02-26 08:28:02.251965
2488, 1680.1740453200182, 2021-02-26 08:28:02.310760
2489, 1680.5869263299974, 2021-02-26 08:28:02.723641
2490, 1680.9484371460276, 2021-02-26 08:28:03.085151
2491, 1681.1788184690522, 2021-02-26 08:28:03.315533
2492, 1683.1299138129689, 2021-02-26 08:28:05.266627
2493, 1685.4236045670696, 2021-02-26 08:28:07.560318
2494, 1686.8028515509795, 2021-02-26 08:28:08.939566
2495, 1686.8849574520718, 2021-02-26 08:28:09.021672
2496, 1687.0865796019789, 2021-02-26 08:28:09.223294
2497, 1687.2438231940614, 2021-02-26 08:28:09.380537
2498, 1687.2835610510083, 2021-02-26 08:28:09.420276
2499, 1687.4815749790287, 2021-02-26 08:28:09.618289
2500, 1689.5801404740196, 2021-02-26 08:28:11.716854
2501, 1690.4770020510769, 2021-02-26 08:28:12.613716
2502, 1691.4493051280733, 2021-02-26 08:28:13.586019
2503, 1692.3512356400024, 2021-02-26 08:28:14.487950
2504, 1693.2535346640507, 2021-02-26 08:28:15.390249
2505, 1693.495401327964, 2021-02-26 08:28:15.632116
2506, 1693.5030419690302, 2021-02-26 08:28:15.639756
2507, 1694.147885126993, 2021-02-26 08:28:16.284599
2508, 1694.8944201209815, 2021-02-26 08:28:17.031135
2509, 1695.233629747061, 2021-02-26 08:28:17.370344
2510, 1695.9373205590528, 2021-02-26 08:28:18.074032
2511, 1696.2682658730773, 2021-02-26 08:28:18.404980
2512, 1696.4860226960154, 2021-02-26 08:28:18.622737
2513, 1696.5676241810434, 2021-02-26 08:28:18.704339
2514, 1699.5250198240392, 2021-02-26 08:28:21.661731
2515, 1701.7808701699832, 2021-02-26 08:28:23.917581
2516, 1702.662041906966, 2021-02-26 08:28:24.798756
2517, 1704.2350566650275, 2021-02-26 08:28:26.371770
2518, 1704.4278584970161, 2021-02-26 08:28:26.564573
2519, 1706.87658418098, 2021-02-26 08:28:29.013293
2520, 1706.8841180650052, 2021-02-26 08:28:29.020832
2521, 1708.9210503980285, 2021-02-26 08:28:31.057763
2522, 1709.8187972640153, 2021-02-26 08:28:31.955511
2523, 1710.7673647999763, 2021-02-26 08:28:32.904079
2524, 1710.9053414530354, 2021-02-26 08:28:33.042056
2525, 1710.9620453730458, 2021-02-26 08:28:33.098760
2526, 1711.2881866580574, 2021-02-26 08:28:33.424901
2527, 1712.161250842968, 2021-02-26 08:28:34.297965
2528, 1712.2935164460214, 2021-02-26 08:28:34.430231
2529, 1712.561302216025, 2021-02-26 08:28:34.698016
2530, 1713.6302217660705, 2021-02-26 08:28:35.766936
2531, 1714.3892511629965, 2021-02-26 08:28:36.525962
2532, 1715.4157234859886, 2021-02-26 08:28:37.552437
2533, 1715.5296792030567, 2021-02-26 08:28:37.666394
2534, 1715.7812984320335, 2021-02-26 08:28:37.918013
2535, 1715.9571264450205, 2021-02-26 08:28:38.093841
2536, 1716.1703776579816, 2021-02-26 08:28:38.307092
2537, 1717.1762260880787, 2021-02-26 08:28:39.312939
2538, 1718.3207148429938, 2021-02-26 08:28:40.457428
2539, 1718.9657129530096, 2021-02-26 08:28:41.102426
2540, 1719.9539730750257, 2021-02-26 08:28:42.090684
2541, 1720.2356161200441, 2021-02-26 08:28:42.372330
2542, 1721.9452897610608, 2021-02-26 08:28:44.082003
2543, 1723.2479600410443, 2021-02-26 08:28:45.384674
2544, 1723.8577697030269, 2021-02-26 08:28:45.994483
2545, 1723.8599133440293, 2021-02-26 08:28:45.996628
2546, 1724.208877166966, 2021-02-26 08:28:46.345592
2547, 1724.5669218240073, 2021-02-26 08:28:46.703636
2548, 1725.5607737060636, 2021-02-26 08:28:47.697488
2549, 1725.7341715840157, 2021-02-26 08:28:47.870886
2550, 1725.842776910984, 2021-02-26 08:28:47.979491
2551, 1726.496905653039, 2021-02-26 08:28:48.633619
2552, 1727.0678242549766, 2021-02-26 08:28:49.204539
2553, 1727.1888357000425, 2021-02-26 08:28:49.325550
2554, 1727.7760403599823, 2021-02-26 08:28:49.912755
2555, 1729.0503394809784, 2021-02-26 08:28:51.187046
2556, 1729.5530778430402, 2021-02-26 08:28:51.689791
2557, 1730.0789145299932, 2021-02-26 08:28:52.215628
2558, 1730.1189153270097, 2021-02-26 08:28:52.255630
2559, 1730.710095148068, 2021-02-26 08:28:52.846809
2560, 1731.04626319604, 2021-02-26 08:28:53.182977
2561, 1731.3526814790675, 2021-02-26 08:28:53.489396
2562, 1732.0777819270734, 2021-02-26 08:28:54.214496
2563, 1732.2137942150002, 2021-02-26 08:28:54.350509
2564, 1732.253029546002, 2021-02-26 08:28:54.389744
2565, 1732.416518719052, 2021-02-26 08:28:54.553228
2566, 1733.063632532023, 2021-02-26 08:28:55.200344
2567, 1736.0288680660306, 2021-02-26 08:28:58.165580
2568, 1736.5042588190408, 2021-02-26 08:28:58.640973
2569, 1736.747625257005, 2021-02-26 08:28:58.884340
2570, 1736.967341619078, 2021-02-26 08:28:59.104056
2571, 1737.0299296610756, 2021-02-26 08:28:59.166644
2572, 1738.0499176670564, 2021-02-26 08:29:00.186631
2573, 1738.2370033980114, 2021-02-26 08:29:00.373718
2574, 1738.9597350640688, 2021-02-26 08:29:01.096448
2575, 1739.7191861129832, 2021-02-26 08:29:01.855898
2576, 1740.9438661420718, 2021-02-26 08:29:03.080576
2577, 1741.2542576789856, 2021-02-26 08:29:03.390972
2578, 1742.6267951830523, 2021-02-26 08:29:04.763505
2579, 1743.394933760981, 2021-02-26 08:29:05.531646
2580, 1744.9681422580034, 2021-02-26 08:29:07.104850
2581, 1745.7356272570323, 2021-02-26 08:29:07.872341
2582, 1746.0642447400605, 2021-02-26 08:29:08.200959
2583, 1746.5548830750631, 2021-02-26 08:29:08.691597
2584, 1746.9934820049675, 2021-02-26 08:29:09.130196
2585, 1748.4513959990581, 2021-02-26 08:29:10.588107
2586, 1750.480046813027, 2021-02-26 08:29:12.616758
2587, 1750.9133080190513, 2021-02-26 08:29:13.050022
2588, 1752.034327461035, 2021-02-26 08:29:14.171040
2589, 1755.5426850960357, 2021-02-26 08:29:17.679396
2590, 1758.918384712073, 2021-02-26 08:29:21.055095
2591, 1759.5496503950562, 2021-02-26 08:29:21.686364
2592, 1760.0734764849767, 2021-02-26 08:29:22.210190
2593, 1760.1010690539842, 2021-02-26 08:29:22.237783
2594, 1760.3666500430554, 2021-02-26 08:29:22.503364
2595, 1760.7239240009803, 2021-02-26 08:29:22.860638
2596, 1762.6386774220737, 2021-02-26 08:29:24.775391
2597, 1763.6612811320229, 2021-02-26 08:29:25.797995
2598, 1763.8079708900768, 2021-02-26 08:29:25.944685
2599, 1764.2926168150734, 2021-02-26 08:29:26.429331
2600, 1764.4695285700727, 2021-02-26 08:29:26.606243
2601, 1764.5185588700697, 2021-02-26 08:29:26.655273
2602, 1765.0476715760306, 2021-02-26 08:29:27.184386
2603, 1766.4447734700516, 2021-02-26 08:29:28.581488
2604, 1766.932172673056, 2021-02-26 08:29:29.068887
2605, 1767.494481372065, 2021-02-26 08:29:29.631196
2606, 1768.9489243610296, 2021-02-26 08:29:31.085638
2607, 1771.2291526410263, 2021-02-26 08:29:33.365861
2608, 1772.366120642051, 2021-02-26 08:29:34.502831
2609, 1772.5453561290633, 2021-02-26 08:29:34.682070
2610, 1772.7918729330413, 2021-02-26 08:29:34.928587
2611, 1773.827391386032, 2021-02-26 08:29:35.964104
2612, 1775.0938902749913, 2021-02-26 08:29:37.230604
2613, 1775.6675779860234, 2021-02-26 08:29:37.804292
2614, 1775.668576483964, 2021-02-26 08:29:37.805291
2615, 1775.6849999839906, 2021-02-26 08:29:37.821715
2616, 1776.6307948550675, 2021-02-26 08:29:38.767509
2617, 1776.9101579179987, 2021-02-26 08:29:39.046872
2618, 1777.100322126993, 2021-02-26 08:29:39.237036
2619, 1778.4883928070776, 2021-02-26 08:29:40.625100
2620, 1779.7086870829808, 2021-02-26 08:29:41.845399
2621, 1780.2618199160788, 2021-02-26 08:29:42.398534
2622, 1781.004531915998, 2021-02-26 08:29:43.141246
2623, 1782.7975448709913, 2021-02-26 08:29:44.934255
2624, 1782.8705266839825, 2021-02-26 08:29:45.007241
2625, 1783.618320081965, 2021-02-26 08:29:45.755033
2626, 1784.2229252050165, 2021-02-26 08:29:46.359639
2627, 1784.23618734302, 2021-02-26 08:29:46.372902
2628, 1784.4096322070109, 2021-02-26 08:29:46.546347
2629, 1784.7633020950016, 2021-02-26 08:29:46.900016
2630, 1785.468224975979, 2021-02-26 08:29:47.604939
2631, 1785.6414206610061, 2021-02-26 08:29:47.778135
2632, 1787.7012564949691, 2021-02-26 08:29:49.837967
2633, 1787.877812111983, 2021-02-26 08:29:50.014526
2634, 1788.0365972010186, 2021-02-26 08:29:50.173312
2635, 1789.9355281590251, 2021-02-26 08:29:52.072241
2636, 1790.156630315003, 2021-02-26 08:29:52.293345
2637, 1790.1902685950045, 2021-02-26 08:29:52.326983
2638, 1790.2484128579963, 2021-02-26 08:29:52.385127
2639, 1790.8141388280783, 2021-02-26 08:29:52.950853
2640, 1790.922796139028, 2021-02-26 08:29:53.059511
2641, 1791.0433005989762, 2021-02-26 08:29:53.180015
2642, 1791.0899158370448, 2021-02-26 08:29:53.226630
2643, 1791.368504511076, 2021-02-26 08:29:53.505219
2644, 1791.6012308009667, 2021-02-26 08:29:53.737945
2645, 1791.7960373250535, 2021-02-26 08:29:53.932752
2646, 1792.1492257990176, 2021-02-26 08:29:54.285940
2647, 1793.975530124968, 2021-02-26 08:29:56.112244
2648, 1795.0155674429843, 2021-02-26 08:29:57.152281
2649, 1795.6520445890492, 2021-02-26 08:29:57.788759
2650, 1796.0771511020139, 2021-02-26 08:29:58.213865
2651, 1796.1149830369977, 2021-02-26 08:29:58.251698
2652, 1796.5636806450784, 2021-02-26 08:29:58.700395
2653, 1797.17563827103, 2021-02-26 08:29:59.312353
2654, 1797.7894069710746, 2021-02-26 08:29:59.926121
2655, 1798.5367714209715, 2021-02-26 08:30:00.673485
2656, 1799.0112188770436, 2021-02-26 08:30:01.147933
2657, 1800.4233627510257, 2021-02-26 08:30:02.560072
2658, 1801.5837714800145, 2021-02-26 08:30:03.720485
2659, 1802.297120567062, 2021-02-26 08:30:04.433835
2660, 1802.3797131669708, 2021-02-26 08:30:04.516427
2661, 1802.6771469790256, 2021-02-26 08:30:04.813861
2662, 1802.8561833420536, 2021-02-26 08:30:04.992898
2663, 1803.855620971066, 2021-02-26 08:30:05.992335
2664, 1803.8762593490537, 2021-02-26 08:30:06.012974
2665, 1804.377216286026, 2021-02-26 08:30:06.513931
2666, 1804.8428226460237, 2021-02-26 08:30:06.979537
2667, 1805.9616001120303, 2021-02-26 08:30:08.098315
2668, 1806.0810508340364, 2021-02-26 08:30:08.217765
2669, 1807.0851325370604, 2021-02-26 08:30:09.221847
2670, 1807.199438326992, 2021-02-26 08:30:09.336153
2671, 1807.2766143709887, 2021-02-26 08:30:09.413329
2672, 1807.4048096570186, 2021-02-26 08:30:09.541524
2673, 1807.6020634290762, 2021-02-26 08:30:09.738778
2674, 1807.9899792000651, 2021-02-26 08:30:10.126693
2675, 1810.4348607789725, 2021-02-26 08:30:12.571574
2676, 1810.5275405449793, 2021-02-26 08:30:12.664255
2677, 1811.1564685159829, 2021-02-26 08:30:13.293181
2678, 1811.2288901200518, 2021-02-26 08:30:13.365605
2679, 1812.0584179810248, 2021-02-26 08:30:14.195131
2680, 1812.085624836036, 2021-02-26 08:30:14.222339
2681, 1812.534024565015, 2021-02-26 08:30:14.670739
2682, 1813.1067229190376, 2021-02-26 08:30:15.243436
2683, 1813.142411731067, 2021-02-26 08:30:15.279126
2684, 1813.5915182420285, 2021-02-26 08:30:15.728233
2685, 1813.6019639560254, 2021-02-26 08:30:15.738678
2686, 1813.974453208968, 2021-02-26 08:30:16.111168
2687, 1814.3536029550014, 2021-02-26 08:30:16.490316
2688, 1815.6704688679893, 2021-02-26 08:30:17.807182
2689, 1816.2359583510552, 2021-02-26 08:30:18.372672
2690, 1816.4652400109917, 2021-02-26 08:30:18.601954
2691, 1816.9838588900166, 2021-02-26 08:30:19.120573
2692, 1817.5207078610547, 2021-02-26 08:30:19.657422
2693, 1819.091212813044, 2021-02-26 08:30:21.227923
2694, 1819.6100754650543, 2021-02-26 08:30:21.746790
2695, 1819.7765870849835, 2021-02-26 08:30:21.913301
2696, 1819.8034354289994, 2021-02-26 08:30:21.940150
2697, 1820.941040466074, 2021-02-26 08:30:23.077750
2698, 1820.9952638840768, 2021-02-26 08:30:23.131978
2699, 1822.1964052610565, 2021-02-26 08:30:24.333116
2700, 1823.5346379129915, 2021-02-26 08:30:25.671351
2701, 1824.0148601470282, 2021-02-26 08:30:26.151574
2702, 1824.7508421899984, 2021-02-26 08:30:26.887556
2703, 1826.6225872180657, 2021-02-26 08:30:28.759300
2704, 1827.092339980998, 2021-02-26 08:30:29.229054
2705, 1827.1960286720423, 2021-02-26 08:30:29.332743
2706, 1827.3899680699687, 2021-02-26 08:30:29.526683
2707, 1827.4070636300603, 2021-02-26 08:30:29.543778
2708, 1827.6534891290357, 2021-02-26 08:30:29.790204
2709, 1827.8576815769775, 2021-02-26 08:30:29.994396
2710, 1828.1385685430141, 2021-02-26 08:30:30.275283
2711, 1829.1477305809967, 2021-02-26 08:30:31.284443
2712, 1829.4194318070076, 2021-02-26 08:30:31.556145
2713, 1829.4575964220567, 2021-02-26 08:30:31.594311
2714, 1830.2814769609831, 2021-02-26 08:30:32.418191
2715, 1830.4089639100712, 2021-02-26 08:30:32.545678
2716, 1830.4957336119842, 2021-02-26 08:30:32.632448
2717, 1831.4165387960384, 2021-02-26 08:30:33.553252
2718, 1832.3327944059856, 2021-02-26 08:30:34.469507
2719, 1834.0324246190721, 2021-02-26 08:30:36.169138
2720, 1835.2496379750082, 2021-02-26 08:30:37.386352
2721, 1835.5479648109758, 2021-02-26 08:30:37.684679
2722, 1836.1163164259633, 2021-02-26 08:30:38.253031
2723, 1836.2032635139767, 2021-02-26 08:30:38.339978
2724, 1836.8446966829943, 2021-02-26 08:30:38.981410
2725, 1837.557589606964, 2021-02-26 08:30:39.694303
2726, 1837.612402179977, 2021-02-26 08:30:39.749117
2727, 1838.3281722869724, 2021-02-26 08:30:40.464887
2728, 1840.1015718230046, 2021-02-26 08:30:42.238285
2729, 1841.6316385020036, 2021-02-26 08:30:43.768351
2730, 1841.8730516040232, 2021-02-26 08:30:44.009766
2731, 1841.9216333780205, 2021-02-26 08:30:44.058348
2732, 1841.95201716898, 2021-02-26 08:30:44.088732
2733, 1842.527050947072, 2021-02-26 08:30:44.663765
2734, 1842.997145595029, 2021-02-26 08:30:45.133860
2735, 1843.3532044080785, 2021-02-26 08:30:45.489919
2736, 1843.4549535110127, 2021-02-26 08:30:45.591668
2737, 1843.540656198049, 2021-02-26 08:30:45.677371
2738, 1843.732127832016, 2021-02-26 08:30:45.868842
2739, 1843.9140215680236, 2021-02-26 08:30:46.050736
2740, 1844.1343326540664, 2021-02-26 08:30:46.271047
2741, 1844.3322888789698, 2021-02-26 08:30:46.469001
2742, 1844.3525206720224, 2021-02-26 08:30:46.489235
2743, 1845.324904241017, 2021-02-26 08:30:47.461618
2744, 1845.6534312060103, 2021-02-26 08:30:47.790145
2745, 1845.9599400070729, 2021-02-26 08:30:48.096654
2746, 1846.5743166360771, 2021-02-26 08:30:48.711030
2747, 1846.8330031289952, 2021-02-26 08:30:48.969717
2748, 1847.0385063489666, 2021-02-26 08:30:49.175221
2749, 1847.3918482189765, 2021-02-26 08:30:49.528563
2750, 1848.3862059550593, 2021-02-26 08:30:50.522912
2751, 1848.7705887689954, 2021-02-26 08:30:50.907302
2752, 1850.705250988016, 2021-02-26 08:30:52.841960
2753, 1852.5819701249711, 2021-02-26 08:30:54.718679
2754, 1853.9608263060218, 2021-02-26 08:30:56.097539
2755, 1855.5033411689801, 2021-02-26 08:30:57.640051
2756, 1855.6393557069823, 2021-02-26 08:30:57.776070
2757, 1857.6451043620473, 2021-02-26 08:30:59.781818
2758, 1858.1011867229827, 2021-02-26 08:31:00.237901
2759, 1858.514865296078, 2021-02-26 08:31:00.651579
2760, 1858.6414748580428, 2021-02-26 08:31:00.778189
2761, 1858.9055284850765, 2021-02-26 08:31:01.042241
2762, 1859.486607978004, 2021-02-26 08:31:01.623322
2763, 1859.7515474939719, 2021-02-26 08:31:01.888262
2764, 1859.7631470930064, 2021-02-26 08:31:01.899861
2765, 1859.7650485170307, 2021-02-26 08:31:01.901763
2766, 1861.6069078879664, 2021-02-26 08:31:03.743610
2767, 1862.3316976720234, 2021-02-26 08:31:04.468411
2768, 1863.1148697900353, 2021-02-26 08:31:05.251581
2769, 1864.1256284429692, 2021-02-26 08:31:06.262341
2770, 1864.2297576270066, 2021-02-26 08:31:06.366472
2771, 1865.408780053025, 2021-02-26 08:31:07.545492
2772, 1865.6986981930677, 2021-02-26 08:31:07.835413
2773, 1866.7212957730517, 2021-02-26 08:31:08.858007
2774, 1866.8773013510508, 2021-02-26 08:31:09.014016
2775, 1867.4030098400544, 2021-02-26 08:31:09.539724
2776, 1867.4149993930478, 2021-02-26 08:31:09.551713
2777, 1868.3294868880184, 2021-02-26 08:31:10.466200
2778, 1868.4869993240573, 2021-02-26 08:31:10.623714
2779, 1868.7568848889787, 2021-02-26 08:31:10.893599
2780, 1868.758518540999, 2021-02-26 08:31:10.895233
2781, 1869.9052684570197, 2021-02-26 08:31:12.041982
2782, 1870.0161994490772, 2021-02-26 08:31:12.152914
2783, 1870.087581002037, 2021-02-26 08:31:12.224295
2784, 1871.1644409470027, 2021-02-26 08:31:13.301155
2785, 1871.6425939010223, 2021-02-26 08:31:13.779308
2786, 1872.2875578070525, 2021-02-26 08:31:14.424271
2787, 1873.0126607170096, 2021-02-26 08:31:15.149375
2788, 1873.2498773160623, 2021-02-26 08:31:15.386592
2789, 1874.2966263730777, 2021-02-26 08:31:16.433341
2790, 1875.0259226060007, 2021-02-26 08:31:17.162637
2791, 1875.2741385929985, 2021-02-26 08:31:17.410853
2792, 1875.4709199559875, 2021-02-26 08:31:17.607635
2793, 1875.6716330719646, 2021-02-26 08:31:17.808347
2794, 1875.8283756719902, 2021-02-26 08:31:17.965089
2795, 1878.9619818350766, 2021-02-26 08:31:21.098694
2796, 1880.1171640310204, 2021-02-26 08:31:22.253877
2797, 1882.1682421410223, 2021-02-26 08:31:24.304956
2798, 1883.6624350229977, 2021-02-26 08:31:25.799149
2799, 1884.7089481450384, 2021-02-26 08:31:26.845662
2800, 1885.045564600965, 2021-02-26 08:31:27.182278
2801, 1885.2234581430675, 2021-02-26 08:31:27.360172
2802, 1888.089285543072, 2021-02-26 08:31:30.225999
2803, 1889.6573086540448, 2021-02-26 08:31:31.794022
2804, 1889.7945424469654, 2021-02-26 08:31:31.931257
2805, 1890.026583355968, 2021-02-26 08:31:32.163298
2806, 1890.2417329590535, 2021-02-26 08:31:32.378445
2807, 1891.336373256985, 2021-02-26 08:31:33.473087
2808, 1891.419169486966, 2021-02-26 08:31:33.555884
2809, 1892.1060573270079, 2021-02-26 08:31:34.242771
2810, 1894.6298978870036, 2021-02-26 08:31:36.766611
2811, 1896.6463652689708, 2021-02-26 08:31:38.783074
2812, 1896.8026959530544, 2021-02-26 08:31:38.939410
2813, 1897.9942268839804, 2021-02-26 08:31:40.130940
2814, 1898.0720429370413, 2021-02-26 08:31:40.208757
2815, 1898.3088742310647, 2021-02-26 08:31:40.445588
2816, 1898.3413583140355, 2021-02-26 08:31:40.478073
2817, 1899.8612104270142, 2021-02-26 08:31:41.997921
2818, 1900.065932538011, 2021-02-26 08:31:42.202647
2819, 1902.4698610190535, 2021-02-26 08:31:44.606569
2820, 1902.583770710975, 2021-02-26 08:31:44.720485
2821, 1904.8594646069687, 2021-02-26 08:31:46.996176
2822, 1904.9851826530648, 2021-02-26 08:31:47.121897
2823, 1905.347001674003, 2021-02-26 08:31:47.483716
2824, 1905.4772484800778, 2021-02-26 08:31:47.613963
2825, 1906.429941977025, 2021-02-26 08:31:48.566655
2826, 1906.9479348530294, 2021-02-26 08:31:49.084648
2827, 1908.0519449890126, 2021-02-26 08:31:50.188659
2828, 1908.3239796450362, 2021-02-26 08:31:50.460694
2829, 1909.9799599889666, 2021-02-26 08:31:52.116673
2830, 1910.0210584340384, 2021-02-26 08:31:52.157773
2831, 1912.3345483309822, 2021-02-26 08:31:54.471259
2832, 1913.4467862279853, 2021-02-26 08:31:55.583500
2833, 1914.1913020000793, 2021-02-26 08:31:56.328016
2834, 1915.1472222490702, 2021-02-26 08:31:57.283936
2835, 1915.5749596230453, 2021-02-26 08:31:57.711674
2836, 1915.969198731007, 2021-02-26 08:31:58.105913
2837, 1916.007907539024, 2021-02-26 08:31:58.144622
2838, 1916.0475201259833, 2021-02-26 08:31:58.184235
2839, 1916.3047381750075, 2021-02-26 08:31:58.441453
2840, 1916.497336219065, 2021-02-26 08:31:58.634051
2841, 1917.0821314490167, 2021-02-26 08:31:59.218846
2842, 1919.2864180089673, 2021-02-26 08:32:01.423131
2843, 1920.5702300460543, 2021-02-26 08:32:02.706936
2844, 1921.1483907450456, 2021-02-26 08:32:03.285104
2845, 1922.7366668949835, 2021-02-26 08:32:04.873379
2846, 1923.5400930320611, 2021-02-26 08:32:05.676806
2847, 1924.0825078260386, 2021-02-26 08:32:06.219222
2848, 1924.232549953973, 2021-02-26 08:32:06.369264
2849, 1924.867588742054, 2021-02-26 08:32:07.004301
2850, 1925.5999570600688, 2021-02-26 08:32:07.736670
2851, 1926.1927559260512, 2021-02-26 08:32:08.329469
2852, 1926.878889292013, 2021-02-26 08:32:09.015603
2853, 1927.193031689967, 2021-02-26 08:32:09.329746
2854, 1927.4792554500746, 2021-02-26 08:32:09.615970
2855, 1927.9040776250185, 2021-02-26 08:32:10.040792
2856, 1928.0118985719746, 2021-02-26 08:32:10.148613
2857, 1928.2096145499963, 2021-02-26 08:32:10.346329
2858, 1928.43027526699, 2021-02-26 08:32:10.566990
2859, 1929.2847112810705, 2021-02-26 08:32:11.421425
2860, 1929.344124502968, 2021-02-26 08:32:11.480839
2861, 1929.7170978770591, 2021-02-26 08:32:11.853812
2862, 1932.7189623750746, 2021-02-26 08:32:14.855675
2863, 1933.6582880980568, 2021-02-26 08:32:15.795002
2864, 1934.8689546789974, 2021-02-26 08:32:17.005668
2865, 1935.573772057076, 2021-02-26 08:32:17.710486
2866, 1936.072741659009, 2021-02-26 08:32:18.209456
2867, 1937.4722892689751, 2021-02-26 08:32:19.609001
2868, 1938.1409053449752, 2021-02-26 08:32:20.277618
2869, 1938.2435744879767, 2021-02-26 08:32:20.380289
2870, 1938.5924069450703, 2021-02-26 08:32:20.729120
2871, 1939.0563446640735, 2021-02-26 08:32:21.193059
2872, 1941.5965941660106, 2021-02-26 08:32:23.733307
2873, 1942.0813738340512, 2021-02-26 08:32:24.218086
2874, 1942.1054089029785, 2021-02-26 08:32:24.242123
2875, 1942.9920372699853, 2021-02-26 08:32:25.128751
2876, 1943.0430669960333, 2021-02-26 08:32:25.179781
2877, 1943.2116573429666, 2021-02-26 08:32:25.348372
2878, 1943.481840003049, 2021-02-26 08:32:25.618554
2879, 1945.1187017030315, 2021-02-26 08:32:27.255415
2880, 1945.5520852829795, 2021-02-26 08:32:27.688800
2881, 1947.176670121029, 2021-02-26 08:32:29.313383
2882, 1947.6882277480327, 2021-02-26 08:32:29.824941
2883, 1948.102678211988, 2021-02-26 08:32:30.239392
2884, 1949.3450380100403, 2021-02-26 08:32:31.481751
2885, 1950.3276905110106, 2021-02-26 08:32:32.464400
2886, 1951.4138956560055, 2021-02-26 08:32:33.550609
2887, 1952.0258521969663, 2021-02-26 08:32:34.162566
2888, 1952.5350786310155, 2021-02-26 08:32:34.671793
2889, 1953.0776126510464, 2021-02-26 08:32:35.214327
2890, 1953.208101583994, 2021-02-26 08:32:35.344816
2891, 1953.2692915310618, 2021-02-26 08:32:35.406006
2892, 1954.2485394719988, 2021-02-26 08:32:36.385253
2893, 1955.5656670760363, 2021-02-26 08:32:37.702381
2894, 1955.7089396580122, 2021-02-26 08:32:37.845652
2895, 1956.199696967029, 2021-02-26 08:32:38.336411
2896, 1956.840496925055, 2021-02-26 08:32:38.977210
2897, 1957.411881417036, 2021-02-26 08:32:39.548596
2898, 1957.592786793015, 2021-02-26 08:32:39.729501
2899, 1958.2185845919885, 2021-02-26 08:32:40.355293
2900, 1958.3844076630194, 2021-02-26 08:32:40.521121
2901, 1959.1225460959831, 2021-02-26 08:32:41.259260
2902, 1960.3221172840567, 2021-02-26 08:32:42.458827
2903, 1961.0986285899999, 2021-02-26 08:32:43.235342
2904, 1961.2431907759747, 2021-02-26 08:32:43.379905
2905, 1961.433073137072, 2021-02-26 08:32:43.569787
2906, 1961.546965888003, 2021-02-26 08:32:43.683680
2907, 1961.8926359670004, 2021-02-26 08:32:44.029350
2908, 1963.02153821697, 2021-02-26 08:32:45.158251
2909, 1965.0110284059774, 2021-02-26 08:32:47.147742
2910, 1967.1719589789864, 2021-02-26 08:32:49.308669
2911, 1968.3616605940042, 2021-02-26 08:32:50.498367
2912, 1968.8561585519928, 2021-02-26 08:32:50.992872
2913, 1969.5960456189932, 2021-02-26 08:32:51.732760
2914, 1970.0752898680512, 2021-02-26 08:32:52.212004
2915, 1972.391857685987, 2021-02-26 08:32:54.528567
2916, 1974.510152164963, 2021-02-26 08:32:56.646865
2917, 1976.3961414929945, 2021-02-26 08:32:58.532854
2918, 1976.735092988005, 2021-02-26 08:32:58.871807
2919, 1977.1878287190339, 2021-02-26 08:32:59.324543
2920, 1978.1080662889872, 2021-02-26 08:33:00.244778
2921, 1978.4158193779876, 2021-02-26 08:33:00.552534
2922, 1979.9344547509681, 2021-02-26 08:33:02.071167
2923, 1980.0187852859963, 2021-02-26 08:33:02.155500
2924, 1981.3466706300387, 2021-02-26 08:33:03.483379
2925, 1981.9614360650303, 2021-02-26 08:33:04.098147
2926, 1982.411173652974, 2021-02-26 08:33:04.547887
2927, 1982.6147604429862, 2021-02-26 08:33:04.751474
2928, 1983.3748875859892, 2021-02-26 08:33:05.511601
2929, 1983.3912288110005, 2021-02-26 08:33:05.527943
2930, 1983.5856173429638, 2021-02-26 08:33:05.722331
2931, 1983.6929964480223, 2021-02-26 08:33:05.829711
2932, 1984.0012468990171, 2021-02-26 08:33:06.137961
2933, 1984.115379719995, 2021-02-26 08:33:06.252094
2934, 1984.1457771420246, 2021-02-26 08:33:06.282492
2935, 1985.1520136049949, 2021-02-26 08:33:07.288725
2936, 1985.5045332340524, 2021-02-26 08:33:07.641247
2937, 1985.5224182420643, 2021-02-26 08:33:07.659133
2938, 1987.597055374994, 2021-02-26 08:33:09.733767
2939, 1987.6337963540573, 2021-02-26 08:33:09.770511
2940, 1987.657157252077, 2021-02-26 08:33:09.793872
2941, 1988.7528685170691, 2021-02-26 08:33:10.889581
2942, 1988.8716339849634, 2021-02-26 08:33:11.008348
2943, 1990.6290959600592, 2021-02-26 08:33:12.765809
2944, 1991.0508809670573, 2021-02-26 08:33:13.187595
2945, 1991.0654419140192, 2021-02-26 08:33:13.202156
2946, 1991.817951361998, 2021-02-26 08:33:13.954665
2947, 1992.2470249990001, 2021-02-26 08:33:14.383739
2948, 1992.2705062839668, 2021-02-26 08:33:14.407221
2949, 1993.808491681004, 2021-02-26 08:33:15.945204
2950, 1994.4183672179934, 2021-02-26 08:33:16.555082
2951, 1994.5629660160048, 2021-02-26 08:33:16.699680
2952, 1995.0570967639796, 2021-02-26 08:33:17.193811
2953, 1995.4841113700531, 2021-02-26 08:33:17.620826
2954, 1995.544806697988, 2021-02-26 08:33:17.681521
2955, 1995.703746095067, 2021-02-26 08:33:17.840460
2956, 1995.7701603809837, 2021-02-26 08:33:17.906875
2957, 1995.7872929050354, 2021-02-26 08:33:17.924007
2958, 1995.910829741042, 2021-02-26 08:33:18.047544
2959, 1997.1521589159966, 2021-02-26 08:33:19.288872
2960, 1999.3498831799952, 2021-02-26 08:33:21.486596
2961, 1999.7354157359805, 2021-02-26 08:33:21.872130
2962, 2000.1366726220585, 2021-02-26 08:33:22.273387
2963, 2000.409770525992, 2021-02-26 08:33:22.546485
2964, 2000.6057481369935, 2021-02-26 08:33:22.742463
2965, 2001.794038758031, 2021-02-26 08:33:23.930753
2966, 2002.125129507971, 2021-02-26 08:33:24.261843
2967, 2002.5853095550556, 2021-02-26 08:33:24.722024
2968, 2002.8797313430114, 2021-02-26 08:33:25.016446
2969, 2002.996411817032, 2021-02-26 08:33:25.133126
2970, 2003.1271804319695, 2021-02-26 08:33:25.263895
2971, 2006.5790160109755, 2021-02-26 08:33:28.715729
2972, 2007.0810471760342, 2021-02-26 08:33:29.217761
2973, 2007.8674640170066, 2021-02-26 08:33:30.004177
2974, 2009.3495967739727, 2021-02-26 08:33:31.486309
2975, 2011.1461481390288, 2021-02-26 08:33:33.282862
2976, 2011.46783774707, 2021-02-26 08:33:33.604552
2977, 2012.6035846939776, 2021-02-26 08:33:34.740298
2978, 2013.3088930649683, 2021-02-26 08:33:35.445608
2979, 2013.3665992870228, 2021-02-26 08:33:35.503314
2980, 2014.1339440710144, 2021-02-26 08:33:36.270658
2981, 2014.5717671649763, 2021-02-26 08:33:36.708481
2982, 2015.3069963390008, 2021-02-26 08:33:37.443710
2983, 2018.486306942068, 2021-02-26 08:33:40.623017
2984, 2019.0601264910074, 2021-02-26 08:33:41.196840
2985, 2019.8032342660008, 2021-02-26 08:33:41.939948
2986, 2019.8065920870285, 2021-02-26 08:33:41.943307
2987, 2020.5878633139655, 2021-02-26 08:33:42.724577
2988, 2022.1783697389765, 2021-02-26 08:33:44.315082
2989, 2022.2513407460647, 2021-02-26 08:33:44.388055
2990, 2022.3815580770606, 2021-02-26 08:33:44.518273
2991, 2022.544855479966, 2021-02-26 08:33:44.681570
2992, 2023.0467689830111, 2021-02-26 08:33:45.183483
2993, 2023.1639033009997, 2021-02-26 08:33:45.300618
2994, 2023.210097403964, 2021-02-26 08:33:45.346812
2995, 2023.5521183060482, 2021-02-26 08:33:45.688832
2996, 2023.8276776620187, 2021-02-26 08:33:45.964392
2997, 2023.8428644110681, 2021-02-26 08:33:45.979579
2998, 2024.2437865670072, 2021-02-26 08:33:46.380501
2999, 2025.179143439047, 2021-02-26 08:33:47.315855
3000, 2025.7750557659892, 2021-02-26 08:33:47.911769
3001, 2025.8791753459955, 2021-02-26 08:33:48.015890
3002, 2026.2011789120734, 2021-02-26 08:33:48.337893
3003, 2029.525409820024, 2021-02-26 08:33:51.662115
3004, 2029.8899435460335, 2021-02-26 08:33:52.026654
3005, 2030.7063338430598, 2021-02-26 08:33:52.843047
3006, 2030.82730571297, 2021-02-26 08:33:52.964020
3007, 2030.8847881440306, 2021-02-26 08:33:53.021503
3008, 2032.6451939010294, 2021-02-26 08:33:54.781907
3009, 2033.1806302469922, 2021-02-26 08:33:55.317344
3010, 2034.4233045419678, 2021-02-26 08:33:56.560018
3011, 2034.973974580993, 2021-02-26 08:33:57.110689
3012, 2035.023170753033, 2021-02-26 08:33:57.159885
3013, 2036.6388134009903, 2021-02-26 08:33:58.775526
3014, 2037.4203240340576, 2021-02-26 08:33:59.557038
3015, 2037.4523204800207, 2021-02-26 08:33:59.589035
3016, 2038.1009652620414, 2021-02-26 08:34:00.237679
3017, 2038.4989946640562, 2021-02-26 08:34:00.635709
3018, 2039.5891897820402, 2021-02-26 08:34:01.725901
3019, 2041.7908687950112, 2021-02-26 08:34:03.927581
3020, 2042.4241153890034, 2021-02-26 08:34:04.560829
3021, 2043.4527526049642, 2021-02-26 08:34:05.589466
3022, 2045.7735334540484, 2021-02-26 08:34:07.910247
3023, 2045.9032561479835, 2021-02-26 08:34:08.039971
3024, 2047.2009671140695, 2021-02-26 08:34:09.337679
3025, 2047.7735407870496, 2021-02-26 08:34:09.910255
3026, 2049.6807929760544, 2021-02-26 08:34:11.817506
3027, 2052.7271817639703, 2021-02-26 08:34:14.863892
3028, 2052.834558947012, 2021-02-26 08:34:14.971273
3029, 2053.2604234169703, 2021-02-26 08:34:15.397137
3030, 2053.2744317830075, 2021-02-26 08:34:15.411146
3031, 2053.5255115620093, 2021-02-26 08:34:15.662226
3032, 2055.1211139030056, 2021-02-26 08:34:17.257823
3033, 2055.3021048570517, 2021-02-26 08:34:17.438819
3034, 2057.766774142976, 2021-02-26 08:34:19.903484
3035, 2058.439583347994, 2021-02-26 08:34:20.576298
3036, 2058.847472683061, 2021-02-26 08:34:20.984186
3037, 2059.095484839985, 2021-02-26 08:34:21.232199
3038, 2059.5980868720217, 2021-02-26 08:34:21.734798
3039, 2059.719413681072, 2021-02-26 08:34:21.856128
3040, 2059.8309773160145, 2021-02-26 08:34:21.967692
3041, 2060.710975559079, 2021-02-26 08:34:22.847689
3042, 2062.7021561909933, 2021-02-26 08:34:24.838868
3043, 2064.6040053690085, 2021-02-26 08:34:26.740717
3044, 2067.738931345986, 2021-02-26 08:34:29.875644
3045, 2069.105304194032, 2021-02-26 08:34:31.242017
3046, 2070.18848150305, 2021-02-26 08:34:32.325195
3047, 2071.5337069639936, 2021-02-26 08:34:33.670421
3048, 2072.0124364810763, 2021-02-26 08:34:34.149151
3049, 2072.210776494001, 2021-02-26 08:34:34.347491
3050, 2072.44411154103, 2021-02-26 08:34:34.580824
3051, 2073.553797092987, 2021-02-26 08:34:35.690511
3052, 2074.9452553250594, 2021-02-26 08:34:37.081967
3053, 2075.4888078480726, 2021-02-26 08:34:37.625522
3054, 2075.870047520031, 2021-02-26 08:34:38.006762
3055, 2076.1325463670073, 2021-02-26 08:34:38.269261
3056, 2077.2871297920356, 2021-02-26 08:34:39.423844
3057, 2077.916415416985, 2021-02-26 08:34:40.053130
3058, 2077.9524706329685, 2021-02-26 08:34:40.089185
3059, 2078.250098938006, 2021-02-26 08:34:40.386813
3060, 2078.972312223981, 2021-02-26 08:34:41.109026
3061, 2079.208531712997, 2021-02-26 08:34:41.345246
3062, 2079.4644056389807, 2021-02-26 08:34:41.601120
3063, 2082.261305734981, 2021-02-26 08:34:44.398019
3064, 2082.9643024470424, 2021-02-26 08:34:45.101016
3065, 2083.3122615499888, 2021-02-26 08:34:45.448976
3066, 2083.31418891903, 2021-02-26 08:34:45.450903
3067, 2084.943701441982, 2021-02-26 08:34:47.080415
3068, 2087.225879027974, 2021-02-26 08:34:49.362593
3069, 2087.4240414530504, 2021-02-26 08:34:49.560756
3070, 2087.7992931719637, 2021-02-26 08:34:49.936008
3071, 2088.462977420073, 2021-02-26 08:34:50.599685
3072, 2088.675166783971, 2021-02-26 08:34:50.811881
3073, 2089.760989620001, 2021-02-26 08:34:51.897702
3074, 2090.6898100890685, 2021-02-26 08:34:52.826524
3075, 2090.694524827064, 2021-02-26 08:34:52.831239
3076, 2091.4935406020377, 2021-02-26 08:34:53.630254
3077, 2092.670459451969, 2021-02-26 08:34:54.807173
3078, 2093.033109870972, 2021-02-26 08:34:55.169824
3079, 2093.842724284972, 2021-02-26 08:34:55.979438
3080, 2094.3083624399733, 2021-02-26 08:34:56.445077
3081, 2094.629091761075, 2021-02-26 08:34:56.765806
3082, 2095.152467175969, 2021-02-26 08:34:57.289181
3083, 2095.17769548099, 2021-02-26 08:34:57.314410
3084, 2095.398321731016, 2021-02-26 08:34:57.535036
3085, 2095.5826599909924, 2021-02-26 08:34:57.719374
3086, 2096.671088684001, 2021-02-26 08:34:58.807803
3087, 2096.8051265890244, 2021-02-26 08:34:58.941841
3088, 2096.951888589072, 2021-02-26 08:34:59.088603
3089, 2097.9638241049834, 2021-02-26 08:35:00.100536
3090, 2098.0376922059804, 2021-02-26 08:35:00.174407
3091, 2098.3657638609875, 2021-02-26 08:35:00.502478
3092, 2098.5301338570425, 2021-02-26 08:35:00.666848
3093, 2098.586255038972, 2021-02-26 08:35:00.722969
3094, 2098.601145182969, 2021-02-26 08:35:00.737860
3095, 2099.2910447369795, 2021-02-26 08:35:01.427758
3096, 2100.3753691629972, 2021-02-26 08:35:02.512077
3097, 2101.2026247039903, 2021-02-26 08:35:03.339338
3098, 2101.420273902011, 2021-02-26 08:35:03.556987
3099, 2102.9850070939865, 2021-02-26 08:35:05.121720
3100, 2103.539412216982, 2021-02-26 08:35:05.676126
3101, 2104.9136791060446, 2021-02-26 08:35:07.050393
3102, 2105.567663941998, 2021-02-26 08:35:07.704378
3103, 2105.874155774014, 2021-02-26 08:35:08.010870
3104, 2106.9317889810773, 2021-02-26 08:35:09.068503
3105, 2108.7014704080066, 2021-02-26 08:35:10.838182
3106, 2109.4281930730212, 2021-02-26 08:35:11.564907
3107, 2109.7622095720144, 2021-02-26 08:35:11.898924
3108, 2109.9512818660587, 2021-02-26 08:35:12.087996
3109, 2112.518167371978, 2021-02-26 08:35:14.654881
3110, 2112.820917002042, 2021-02-26 08:35:14.957631
3111, 2112.9393602780765, 2021-02-26 08:35:15.076075
3112, 2113.2125018209917, 2021-02-26 08:35:15.349216
3113, 2113.435896403971, 2021-02-26 08:35:15.572611
3114, 2114.210512474063, 2021-02-26 08:35:16.347227
3115, 2114.434878334054, 2021-02-26 08:35:16.571593
3116, 2115.445246850024, 2021-02-26 08:35:17.581961
3117, 2116.18066408101, 2021-02-26 08:35:18.317378
3118, 2117.1288737399736, 2021-02-26 08:35:19.265587
3119, 2118.0708216560306, 2021-02-26 08:35:20.207535
3120, 2119.6265849060146, 2021-02-26 08:35:21.763298
3121, 2119.7133381180465, 2021-02-26 08:35:21.850052
3122, 2120.4937529059825, 2021-02-26 08:35:22.630467
3123, 2120.701307198964, 2021-02-26 08:35:22.838022
3124, 2121.1130288899876, 2021-02-26 08:35:23.249743
3125, 2121.2292675439967, 2021-02-26 08:35:23.365982
3126, 2121.9860380310565, 2021-02-26 08:35:24.122752
3127, 2123.3626450840384, 2021-02-26 08:35:25.499359
3128, 2123.4904624670744, 2021-02-26 08:35:25.627177
3129, 2124.7487990739755, 2021-02-26 08:35:26.885513
3130, 2124.829424038995, 2021-02-26 08:35:26.966138
3131, 2126.802018659073, 2021-02-26 08:35:28.938732
3132, 2128.166618825984, 2021-02-26 08:35:30.303333
3133, 2128.206607482047, 2021-02-26 08:35:30.343322
3134, 2129.895141373039, 2021-02-26 08:35:32.031854
3135, 2130.048548054998, 2021-02-26 08:35:32.185262
3136, 2130.3837855680613, 2021-02-26 08:35:32.520500
3137, 2132.512960197986, 2021-02-26 08:35:34.649673
3138, 2132.6316131380154, 2021-02-26 08:35:34.768327
3139, 2132.6752505160403, 2021-02-26 08:35:34.811965
3140, 2134.427493272, 2021-02-26 08:35:36.564206
3141, 2134.43236119207, 2021-02-26 08:35:36.569076
3142, 2134.537235834985, 2021-02-26 08:35:36.673950
3143, 2134.6201507360674, 2021-02-26 08:35:36.756865
3144, 2135.5670430200407, 2021-02-26 08:35:37.703757
3145, 2137.7880871510133, 2021-02-26 08:35:39.924800
3146, 2138.303506048047, 2021-02-26 08:35:40.440216
3147, 2139.8338272470282, 2021-02-26 08:35:41.970540
3148, 2140.30635901005, 2021-02-26 08:35:42.443073
3149, 2141.0424133070046, 2021-02-26 08:35:43.179128
3150, 2141.7771835390013, 2021-02-26 08:35:43.913896
3151, 2143.8636585740605, 2021-02-26 08:35:46.000372
3152, 2144.1078534440603, 2021-02-26 08:35:46.244568
3153, 2144.1660197520396, 2021-02-26 08:35:46.302734
3154, 2145.2270371799823, 2021-02-26 08:35:47.363751
3155, 2146.398799614981, 2021-02-26 08:35:48.535509
3156, 2146.435001402977, 2021-02-26 08:35:48.571715
3157, 2146.633371272008, 2021-02-26 08:35:48.770084
3158, 2147.745631852071, 2021-02-26 08:35:49.882340
3159, 2148.8225261829793, 2021-02-26 08:35:50.959234
3160, 2149.1377159539843, 2021-02-26 08:35:51.274426
3161, 2149.580882292008, 2021-02-26 08:35:51.717596
3162, 2150.408113438054, 2021-02-26 08:35:52.544827
3163, 2150.4144997160183, 2021-02-26 08:35:52.551214
3164, 2151.130682084011, 2021-02-26 08:35:53.267396
3165, 2151.4838104600785, 2021-02-26 08:35:53.620520
3166, 2152.949036273989, 2021-02-26 08:35:55.085749
3167, 2152.992037776974, 2021-02-26 08:35:55.128752
3168, 2153.0591290900484, 2021-02-26 08:35:55.195840
3169, 2153.1926429519663, 2021-02-26 08:35:55.329355
3170, 2153.703971581999, 2021-02-26 08:35:55.840685
3171, 2154.6058226680616, 2021-02-26 08:35:56.742536
3172, 2154.6692474810407, 2021-02-26 08:35:56.805962
3173, 2155.4093494779663, 2021-02-26 08:35:57.546063
3174, 2155.8965299479896, 2021-02-26 08:35:58.033244
3175, 2156.821421624976, 2021-02-26 08:35:58.958135
3176, 2157.0151253100485, 2021-02-26 08:35:59.151839
3177, 2157.179642806994, 2021-02-26 08:35:59.316357
3178, 2158.4249608539976, 2021-02-26 08:36:00.561675
3179, 2159.1662455319893, 2021-02-26 08:36:01.302959
3180, 2159.297574104974, 2021-02-26 08:36:01.434288
3181, 2159.5532107640756, 2021-02-26 08:36:01.689925
3182, 2161.1030025599757, 2021-02-26 08:36:03.239714
3183, 2161.2976237080293, 2021-02-26 08:36:03.434338
3184, 2161.6933974290732, 2021-02-26 08:36:03.830111
3185, 2161.719183649984, 2021-02-26 08:36:03.855898
3186, 2162.320134529029, 2021-02-26 08:36:04.456848
3187, 2163.1143299370306, 2021-02-26 08:36:05.251044
3188, 2165.1846986240707, 2021-02-26 08:36:07.321412
3189, 2165.667587755015, 2021-02-26 08:36:07.804302
3190, 2165.892529348028, 2021-02-26 08:36:08.029244
3191, 2165.9514771220274, 2021-02-26 08:36:08.088191
3192, 2166.3409580070293, 2021-02-26 08:36:08.477673
3193, 2166.4148325360147, 2021-02-26 08:36:08.551547
3194, 2167.1037321600597, 2021-02-26 08:36:09.240446
3195, 2167.3468947380316, 2021-02-26 08:36:09.483609
3196, 2167.6062823770335, 2021-02-26 08:36:09.742997
3197, 2167.998475819011, 2021-02-26 08:36:10.135190
3198, 2168.288537875982, 2021-02-26 08:36:10.425252
3199, 2168.3095640820684, 2021-02-26 08:36:10.446278
3200, 2168.311437488999, 2021-02-26 08:36:10.448152
3201, 2168.6127857259708, 2021-02-26 08:36:10.749500
3202, 2170.383676622063, 2021-02-26 08:36:12.520389
3203, 2171.858711856068, 2021-02-26 08:36:13.995426
3204, 2172.011427702033, 2021-02-26 08:36:14.148142
3205, 2172.434429357061, 2021-02-26 08:36:14.571143
3206, 2173.780950849992, 2021-02-26 08:36:15.917665
3207, 2174.3806188310264, 2021-02-26 08:36:16.517333
3208, 2175.723824187997, 2021-02-26 08:36:17.860538
3209, 2176.4057307699695, 2021-02-26 08:36:18.542445
3210, 2177.102280354011, 2021-02-26 08:36:19.238990
3211, 2177.498621472041, 2021-02-26 08:36:19.635335
3212, 2178.4821761760395, 2021-02-26 08:36:20.618887
3213, 2178.6477597070625, 2021-02-26 08:36:20.784474
3214, 2179.401970591047, 2021-02-26 08:36:21.538683
3215, 2179.9393724580295, 2021-02-26 08:36:22.076087
3216, 2181.2295865520136, 2021-02-26 08:36:23.366300
3217, 2181.3353867890546, 2021-02-26 08:36:23.472100
3218, 2182.373861015076, 2021-02-26 08:36:24.510573
3219, 2183.0584816180635, 2021-02-26 08:36:25.195193
3220, 2183.628183964058, 2021-02-26 08:36:25.764898
3221, 2184.752877137973, 2021-02-26 08:36:26.889590
3222, 2185.0689826529706, 2021-02-26 08:36:27.205697
3223, 2186.242195719038, 2021-02-26 08:36:28.378909
3224, 2186.98120768799, 2021-02-26 08:36:29.117921
3225, 2188.0179155820515, 2021-02-26 08:36:30.154629
3226, 2188.0755550670438, 2021-02-26 08:36:30.212270
3227, 2189.877987115062, 2021-02-26 08:36:32.014699
3228, 2190.787533350056, 2021-02-26 08:36:32.924247
3229, 2191.136372243054, 2021-02-26 08:36:33.273087
3230, 2192.029909098055, 2021-02-26 08:36:34.166622
3231, 2192.1424038109835, 2021-02-26 08:36:34.279118
3232, 2192.441582187079, 2021-02-26 08:36:34.578296
3233, 2192.4693542560562, 2021-02-26 08:36:34.606069
3234, 2193.8255241920706, 2021-02-26 08:36:35.962238
3235, 2194.6790467799874, 2021-02-26 08:36:36.815760
3236, 2195.989067906048, 2021-02-26 08:36:38.125780
3237, 2196.0306810850743, 2021-02-26 08:36:38.167396
3238, 2196.346972764004, 2021-02-26 08:36:38.483687
3239, 2196.435703844996, 2021-02-26 08:36:38.572418
3240, 2196.679414857994, 2021-02-26 08:36:38.816129
3241, 2197.3933107990306, 2021-02-26 08:36:39.530025
3242, 2197.4027889230056, 2021-02-26 08:36:39.539503
3243, 2197.6111704810755, 2021-02-26 08:36:39.747885
3244, 2198.1642595520243, 2021-02-26 08:36:40.300972
3245, 2198.293184879003, 2021-02-26 08:36:40.429899
3246, 2199.0565316010034, 2021-02-26 08:36:41.193241
3247, 2199.2733636740595, 2021-02-26 08:36:41.410077
3248, 2200.604899849044, 2021-02-26 08:36:42.741612
3249, 2200.659886852023, 2021-02-26 08:36:42.796600
3250, 2201.229389148997, 2021-02-26 08:36:43.366103
3251, 2202.6496305540204, 2021-02-26 08:36:44.786342
3252, 2203.6175075239735, 2021-02-26 08:36:45.754221
3253, 2204.4936783249723, 2021-02-26 08:36:46.630392
3254, 2205.405648490065, 2021-02-26 08:36:47.542353
3255, 2205.9113742259797, 2021-02-26 08:36:48.048087
3256, 2206.472232309985, 2021-02-26 08:36:48.608946
3257, 2206.646855883999, 2021-02-26 08:36:48.783569
3258, 2206.857021452044, 2021-02-26 08:36:48.993735
3259, 2208.065557835973, 2021-02-26 08:36:50.202262
3260, 2209.477188701043, 2021-02-26 08:36:51.613900
3261, 2210.849730864051, 2021-02-26 08:36:52.986440
3262, 2211.816098766052, 2021-02-26 08:36:53.952807
3263, 2213.229385517072, 2021-02-26 08:36:55.366096
3264, 2213.4207508950494, 2021-02-26 08:36:55.557465
3265, 2214.0474252760177, 2021-02-26 08:36:56.184139
3266, 2215.0116275120527, 2021-02-26 08:36:57.148341
3267, 2215.4533444719855, 2021-02-26 08:36:57.590058
3268, 2216.222920035012, 2021-02-26 08:36:58.359633
3269, 2216.362906123977, 2021-02-26 08:36:58.499620
3270, 2216.9672752510523, 2021-02-26 08:36:59.103989
3271, 2217.1602615420707, 2021-02-26 08:36:59.296976
3272, 2218.3592452160083, 2021-02-26 08:37:00.495957
3273, 2220.434544784017, 2021-02-26 08:37:02.571255
3274, 2220.4861782840453, 2021-02-26 08:37:02.622892
3275, 2222.5511649010004, 2021-02-26 08:37:04.687876
3276, 2222.7043872909853, 2021-02-26 08:37:04.841101
3277, 2223.1021368689835, 2021-02-26 08:37:05.238851
3278, 2225.0046911609825, 2021-02-26 08:37:07.141404
3279, 2226.1900810679654, 2021-02-26 08:37:08.326795
3280, 2227.211871542968, 2021-02-26 08:37:09.348585
3281, 2227.9421297520166, 2021-02-26 08:37:10.078844
3282, 2228.648007196025, 2021-02-26 08:37:10.784721
3283, 2229.5016273340443, 2021-02-26 08:37:11.638340
3284, 2230.0018782949774, 2021-02-26 08:37:12.138592
3285, 2230.076257886016, 2021-02-26 08:37:12.212972
3286, 2230.5578122059815, 2021-02-26 08:37:12.694526
3287, 2230.620314580039, 2021-02-26 08:37:12.757029
3288, 2230.8131426089676, 2021-02-26 08:37:12.949857
3289, 2232.3693500660593, 2021-02-26 08:37:14.506062
3290, 2232.888841364067, 2021-02-26 08:37:15.025555
3291, 2233.7791081400355, 2021-02-26 08:37:15.915822
3292, 2234.7543953070417, 2021-02-26 08:37:16.891109
3293, 2234.9378448900534, 2021-02-26 08:37:17.074559
3294, 2235.7674870840274, 2021-02-26 08:37:17.904201
3295, 2236.263645146042, 2021-02-26 08:37:18.400359
3296, 2236.8959003069904, 2021-02-26 08:37:19.032614
3297, 2237.4090365240118, 2021-02-26 08:37:19.545750
3298, 2239.7405183740193, 2021-02-26 08:37:21.877229
3299, 2239.8873122399673, 2021-02-26 08:37:22.024026
3300, 2240.3792087520706, 2021-02-26 08:37:22.515923
3301, 2241.248335181037, 2021-02-26 08:37:23.385048
3302, 2242.0842397160595, 2021-02-26 08:37:24.220953
3303, 2243.833025995991, 2021-02-26 08:37:25.969740
3304, 2244.282728938968, 2021-02-26 08:37:26.419443
3305, 2244.6381899960106, 2021-02-26 08:37:26.774904
3306, 2245.7619305440458, 2021-02-26 08:37:27.898644
3307, 2247.242095299065, 2021-02-26 08:37:29.378809
3308, 2247.699738778989, 2021-02-26 08:37:29.836453
3309, 2247.967206759029, 2021-02-26 08:37:30.103921
3310, 2248.558813738986, 2021-02-26 08:37:30.695528
3311, 2249.360347551992, 2021-02-26 08:37:31.497061
3312, 2249.6161306060385, 2021-02-26 08:37:31.752843
3313, 2249.785034672008, 2021-02-26 08:37:31.921748
3314, 2250.0855941440677, 2021-02-26 08:37:32.222308
3315, 2250.3159613820026, 2021-02-26 08:37:32.452676
3316, 2251.2599388560047, 2021-02-26 08:37:33.396652
3317, 2251.420702186064, 2021-02-26 08:37:33.557416
3318, 2251.769309432013, 2021-02-26 08:37:33.906023
3319, 2252.70755981002, 2021-02-26 08:37:34.844274
3320, 2253.4760112250224, 2021-02-26 08:37:35.612724
3321, 2254.401519312989, 2021-02-26 08:37:36.538233
3322, 2255.085478866007, 2021-02-26 08:37:37.222190
3323, 2255.1908760219812, 2021-02-26 08:37:37.327590
3324, 2256.2074502559844, 2021-02-26 08:37:38.344164
3325, 2257.0321984500624, 2021-02-26 08:37:39.168910
3326, 2258.3880940090166, 2021-02-26 08:37:40.524807
3327, 2258.7449479990173, 2021-02-26 08:37:40.881662
3328, 2259.0115022059763, 2021-02-26 08:37:41.148216
3329, 2259.2538774340646, 2021-02-26 08:37:41.390592
3330, 2259.726731379982, 2021-02-26 08:37:41.863445
3331, 2260.4494239210617, 2021-02-26 08:37:42.586137
3332, 2261.392972941976, 2021-02-26 08:37:43.529685
3333, 2261.6404094250174, 2021-02-26 08:37:43.777123
3334, 2262.9683124700096, 2021-02-26 08:37:45.105025
3335, 2263.1160170859657, 2021-02-26 08:37:45.252731
3336, 2263.2015607500216, 2021-02-26 08:37:45.338275
3337, 2264.118208386004, 2021-02-26 08:37:46.254922
3338, 2265.2877552970313, 2021-02-26 08:37:47.424469
3339, 2265.388750675018, 2021-02-26 08:37:47.525465
3340, 2266.450798309059, 2021-02-26 08:37:48.587512
3341, 2266.6187761219917, 2021-02-26 08:37:48.755490
3342, 2266.672385570011, 2021-02-26 08:37:48.809100
3343, 2269.205130642047, 2021-02-26 08:37:51.341844
3344, 2269.38952061499, 2021-02-26 08:37:51.526235
3345, 2270.278525516973, 2021-02-26 08:37:52.415239
3346, 2271.398287898046, 2021-02-26 08:37:53.535001
3347, 2271.862806749996, 2021-02-26 08:37:53.999521
3348, 2272.6793786140624, 2021-02-26 08:37:54.816093
3349, 2272.698123669019, 2021-02-26 08:37:54.834838
3350, 2273.475660904078, 2021-02-26 08:37:55.612375
3351, 2274.245598245994, 2021-02-26 08:37:56.382312
3352, 2275.245616775006, 2021-02-26 08:37:57.382331
3353, 2277.461703627021, 2021-02-26 08:37:59.598417
3354, 2278.443034757045, 2021-02-26 08:38:00.579749
3355, 2280.02081626805, 2021-02-26 08:38:02.157523
3356, 2281.1326413920615, 2021-02-26 08:38:03.269353
3357, 2281.686395391007, 2021-02-26 08:38:03.823109
3358, 2282.664643938071, 2021-02-26 08:38:04.801358
3359, 2283.8121394310147, 2021-02-26 08:38:05.948853
3360, 2284.267517311033, 2021-02-26 08:38:06.404231
3361, 2284.8112313890597, 2021-02-26 08:38:06.947944
3362, 2285.166575649986, 2021-02-26 08:38:07.303289
3363, 2285.2077629970154, 2021-02-26 08:38:07.344477
3364, 2285.6786929930095, 2021-02-26 08:38:07.815407
3365, 2286.004389529, 2021-02-26 08:38:08.141101
3366, 2286.183389423997, 2021-02-26 08:38:08.320103
3367, 2286.242965755053, 2021-02-26 08:38:08.379680
3368, 2286.994033109979, 2021-02-26 08:38:09.130747
3369, 2287.7228327550692, 2021-02-26 08:38:09.859547
3370, 2288.231493600062, 2021-02-26 08:38:10.368207
3371, 2288.3648018990643, 2021-02-26 08:38:10.501516
3372, 2290.4222747840686, 2021-02-26 08:38:12.558987
3373, 2290.912754817051, 2021-02-26 08:38:13.049469
3374, 2291.409886950976, 2021-02-26 08:38:13.546601
3375, 2291.4879902229877, 2021-02-26 08:38:13.624704
3376, 2291.5026195590617, 2021-02-26 08:38:13.639334
3377, 2291.7516183230327, 2021-02-26 08:38:13.888332
3378, 2292.127508033067, 2021-02-26 08:38:14.264222
3379, 2292.383097602986, 2021-02-26 08:38:14.519812
3380, 2292.9249672259903, 2021-02-26 08:38:15.061681
3381, 2293.350743015064, 2021-02-26 08:38:15.487457
3382, 2293.3548229910666, 2021-02-26 08:38:15.491538
3383, 2294.1313407130074, 2021-02-26 08:38:16.268055
3384, 2294.738812768017, 2021-02-26 08:38:16.875527
3385, 2294.8147087380057, 2021-02-26 08:38:16.951423
3386, 2295.3825852720765, 2021-02-26 08:38:17.519299
3387, 2295.4567325459793, 2021-02-26 08:38:17.593447
3388, 2295.5327815320343, 2021-02-26 08:38:17.669496
3389, 2295.6328560640104, 2021-02-26 08:38:17.769570
3390, 2295.6602117080474, 2021-02-26 08:38:17.796926
3391, 2295.7906505800784, 2021-02-26 08:38:17.927365
3392, 2295.8345199200558, 2021-02-26 08:38:17.971234
3393, 2298.9663379699923, 2021-02-26 08:38:21.103047
3394, 2301.615756682004, 2021-02-26 08:38:23.752468
3395, 2302.278372475994, 2021-02-26 08:38:24.415087
3396, 2303.231859059073, 2021-02-26 08:38:25.368573
3397, 2305.218004225986, 2021-02-26 08:38:27.354718
3398, 2306.801990985987, 2021-02-26 08:38:28.938704
3399, 2307.2731294829864, 2021-02-26 08:38:29.409844
3400, 2307.817954141996, 2021-02-26 08:38:29.954668
3401, 2308.521264433046, 2021-02-26 08:38:30.657979
3402, 2308.809131258051, 2021-02-26 08:38:30.945845
3403, 2308.9681402000133, 2021-02-26 08:38:31.104855
3404, 2311.111001968966, 2021-02-26 08:38:33.247715
3405, 2311.133985787048, 2021-02-26 08:38:33.270700
3406, 2311.60586888704, 2021-02-26 08:38:33.742583
3407, 2311.998697018018, 2021-02-26 08:38:34.135411
3408, 2313.0576609959826, 2021-02-26 08:38:35.194375
3409, 2313.3708350909874, 2021-02-26 08:38:35.507549
3410, 2314.361547574983, 2021-02-26 08:38:36.498260
3411, 2314.838357607019, 2021-02-26 08:38:36.975072
3412, 2315.871959408978, 2021-02-26 08:38:38.008673
3413, 2316.3633408220485, 2021-02-26 08:38:38.500053
3414, 2316.925851671025, 2021-02-26 08:38:39.062566
3415, 2317.7120410189964, 2021-02-26 08:38:39.848755
3416, 2318.496677829069, 2021-02-26 08:38:40.633386
3417, 2318.8102307390654, 2021-02-26 08:38:40.946945
3418, 2318.980258334079, 2021-02-26 08:38:41.116972
3419, 2320.216809710022, 2021-02-26 08:38:42.353523
3420, 2320.6160988450283, 2021-02-26 08:38:42.752813
3421, 2320.85962913197, 2021-02-26 08:38:42.996343
3422, 2321.58918109606, 2021-02-26 08:38:43.725895
3423, 2322.064425696037, 2021-02-26 08:38:44.201140
3424, 2322.0794481710764, 2021-02-26 08:38:44.216163
3425, 2322.0863135840045, 2021-02-26 08:38:44.223028
3426, 2323.4594032340683, 2021-02-26 08:38:45.596114
3427, 2323.9857001040364, 2021-02-26 08:38:46.122414
3428, 2325.368714932003, 2021-02-26 08:38:47.505429
3429, 2325.477662211051, 2021-02-26 08:38:47.614376
3430, 2326.133526738966, 2021-02-26 08:38:48.270241
3431, 2326.142329085036, 2021-02-26 08:38:48.279044
3432, 2326.1499702830333, 2021-02-26 08:38:48.286685
3433, 2327.7246427299688, 2021-02-26 08:38:49.861354
3434, 2327.813475555042, 2021-02-26 08:38:49.950190
3435, 2327.872228841996, 2021-02-26 08:38:50.008938
3436, 2328.5474882069975, 2021-02-26 08:38:50.684201
3437, 2329.3317052329658, 2021-02-26 08:38:51.468418
3438, 2329.8254606140545, 2021-02-26 08:38:51.962174
3439, 2330.327572697075, 2021-02-26 08:38:52.464286
3440, 2331.0804418229964, 2021-02-26 08:38:53.217152
3441, 2331.989116369048, 2021-02-26 08:38:54.125828
3442, 2332.4353763930267, 2021-02-26 08:38:54.572091
3443, 2332.792741743964, 2021-02-26 08:38:54.929455
3444, 2333.0090947750723, 2021-02-26 08:38:55.145809
3445, 2333.4877228540136, 2021-02-26 08:38:55.624437
3446, 2333.6560435480205, 2021-02-26 08:38:55.792758
3447, 2334.6991016410757, 2021-02-26 08:38:56.835815
3448, 2334.918939523981, 2021-02-26 08:38:57.055653
3449, 2335.431224985048, 2021-02-26 08:38:57.567939
3450, 2336.5881280180765, 2021-02-26 08:38:58.724839
3451, 2340.976332935039, 2021-02-26 08:39:03.113034
3452, 2341.9768959750654, 2021-02-26 08:39:04.113608
3453, 2342.935466045048, 2021-02-26 08:39:05.072179
3454, 2343.820033582975, 2021-02-26 08:39:05.956747
3455, 2344.598583157989, 2021-02-26 08:39:06.735296
3456, 2344.9578436859883, 2021-02-26 08:39:07.094558
3457, 2345.7486932680476, 2021-02-26 08:39:07.885407
3458, 2345.835705794976, 2021-02-26 08:39:07.972420
3459, 2346.188023981056, 2021-02-26 08:39:08.324735
3460, 2349.001706201001, 2021-02-26 08:39:11.138417
3461, 2350.18506935006, 2021-02-26 08:39:12.321782
3462, 2350.3534910019953, 2021-02-26 08:39:12.490205
3463, 2351.1403404660523, 2021-02-26 08:39:13.277054
3464, 2351.473631062079, 2021-02-26 08:39:13.610345
3465, 2351.636390189058, 2021-02-26 08:39:13.773104
3466, 2351.827112716972, 2021-02-26 08:39:13.963827
3467, 2352.7415840820177, 2021-02-26 08:39:14.878298
3468, 2352.7777395399753, 2021-02-26 08:39:14.914454
3469, 2353.027587722987, 2021-02-26 08:39:15.164300
3470, 2353.494940532022, 2021-02-26 08:39:15.631655
3471, 2354.346411289065, 2021-02-26 08:39:16.483120
3472, 2354.923387801042, 2021-02-26 08:39:17.060100
3473, 2355.577976383036, 2021-02-26 08:39:17.714690
3474, 2357.2609256940195, 2021-02-26 08:39:19.397639
3475, 2358.4120165670756, 2021-02-26 08:39:20.548730
3476, 2360.024872006965, 2021-02-26 08:39:22.161580
3477, 2360.4440581339877, 2021-02-26 08:39:22.580758
3478, 2360.745116210077, 2021-02-26 08:39:22.881816
3479, 2360.7778230709955, 2021-02-26 08:39:22.914537
3480, 2360.8589848639676, 2021-02-26 08:39:22.995698
3481, 2361.4526095130714, 2021-02-26 08:39:23.589322
3482, 2362.640404741047, 2021-02-26 08:39:24.777117
3483, 2362.764369033044, 2021-02-26 08:39:24.901083
3484, 2364.327039221069, 2021-02-26 08:39:26.463752
3485, 2364.415652894997, 2021-02-26 08:39:26.552367
3486, 2364.693384787999, 2021-02-26 08:39:26.830099
3487, 2365.77907680301, 2021-02-26 08:39:27.915790
3488, 2366.0732181950007, 2021-02-26 08:39:28.209928
3489, 2366.842077940004, 2021-02-26 08:39:28.978791
3490, 2367.7573052840307, 2021-02-26 08:39:29.894018
3491, 2367.9584407539805, 2021-02-26 08:39:30.095155
3492, 2368.911499739974, 2021-02-26 08:39:31.048214
3493, 2369.09221458307, 2021-02-26 08:39:31.228929
3494, 2369.142171635991, 2021-02-26 08:39:31.278886
3495, 2369.255774397985, 2021-02-26 08:39:31.392489
3496, 2369.544804568053, 2021-02-26 08:39:31.681519
3497, 2370.070859143045, 2021-02-26 08:39:32.207570
3498, 2371.640336862998, 2021-02-26 08:39:33.777049
3499, 2371.9539074950153, 2021-02-26 08:39:34.090621
3500, 2372.7126953270053, 2021-02-26 08:39:34.849409
3501, 2372.9307992469985, 2021-02-26 08:39:35.067514
3502, 2374.630548504065, 2021-02-26 08:39:36.767261
3503, 2374.7641317640664, 2021-02-26 08:39:36.900846
3504, 2374.957595882006, 2021-02-26 08:39:37.094310
3505, 2375.859365475015, 2021-02-26 08:39:37.996079
3506, 2376.4472126860637, 2021-02-26 08:39:38.583921
3507, 2376.4967341880547, 2021-02-26 08:39:38.633448
3508, 2377.0628864599857, 2021-02-26 08:39:39.199600
3509, 2377.468218973023, 2021-02-26 08:39:39.604932
3510, 2377.9521851229947, 2021-02-26 08:39:40.088899
3511, 2378.1670543999644, 2021-02-26 08:39:40.303769
3512, 2379.0081468690187, 2021-02-26 08:39:41.144860
3513, 2379.3836225119885, 2021-02-26 08:39:41.520337
3514, 2381.0980461270083, 2021-02-26 08:39:43.234755
3515, 2383.138698387076, 2021-02-26 08:39:45.275410
3516, 2383.885725639062, 2021-02-26 08:39:46.022439
3517, 2383.9973101620562, 2021-02-26 08:39:46.134024
3518, 2385.4708529179916, 2021-02-26 08:39:47.607561
3519, 2386.1926804620307, 2021-02-26 08:39:48.329394
3520, 2387.7027653789846, 2021-02-26 08:39:49.839478
3521, 2387.828985909, 2021-02-26 08:39:49.965700
3522, 2388.850323293009, 2021-02-26 08:39:50.987033
3523, 2389.628546818043, 2021-02-26 08:39:51.765260
3524, 2390.233101060032, 2021-02-26 08:39:52.369813
3525, 2390.3206246800255, 2021-02-26 08:39:52.457339
3526, 2390.857830945053, 2021-02-26 08:39:52.994542
3527, 2391.291341437027, 2021-02-26 08:39:53.428055
3528, 2392.9050827190513, 2021-02-26 08:39:55.041795
3529, 2393.8174607880646, 2021-02-26 08:39:55.954173
3530, 2393.942470590002, 2021-02-26 08:39:56.079185
3531, 2394.4315569910686, 2021-02-26 08:39:56.568271
3532, 2395.4131234190427, 2021-02-26 08:39:57.549834
3533, 2395.522233842057, 2021-02-26 08:39:57.658948
3534, 2396.352152197971, 2021-02-26 08:39:58.488866
3535, 2396.7100320559694, 2021-02-26 08:39:58.846746
3536, 2396.8692805370083, 2021-02-26 08:39:59.005995
3537, 2397.3734320399817, 2021-02-26 08:39:59.510146
3538, 2398.7684372729855, 2021-02-26 08:40:00.905150
3539, 2399.178592814016, 2021-02-26 08:40:01.315307
3540, 2400.240493456018, 2021-02-26 08:40:02.377204
3541, 2400.295803931076, 2021-02-26 08:40:02.432518
3542, 2401.65247253899, 2021-02-26 08:40:03.789178
3543, 2402.120923797018, 2021-02-26 08:40:04.257638
3544, 2402.559368288028, 2021-02-26 08:40:04.696082
3545, 2402.685718654073, 2021-02-26 08:40:04.822433
3546, 2402.9877277710475, 2021-02-26 08:40:05.124441
3547, 2402.996557594044, 2021-02-26 08:40:05.133272
3548, 2405.2170284070307, 2021-02-26 08:40:07.353740
3549, 2405.3273171180626, 2021-02-26 08:40:07.464031
3550, 2407.0089172580047, 2021-02-26 08:40:09.145631
3551, 2407.11940100207, 2021-02-26 08:40:09.256115
3552, 2407.245614033076, 2021-02-26 08:40:09.382328
3553, 2407.2851840700023, 2021-02-26 08:40:09.421899
3554, 2407.3781508150278, 2021-02-26 08:40:09.514865
3555, 2409.612221346004, 2021-02-26 08:40:11.748933
3556, 2409.7604433579836, 2021-02-26 08:40:11.897157
3557, 2410.455804385012, 2021-02-26 08:40:12.592518
3558, 2410.6106192920124, 2021-02-26 08:40:12.747333
3559, 2411.639157418045, 2021-02-26 08:40:13.775871
3560, 2412.384503882029, 2021-02-26 08:40:14.521218
3561, 2414.194725129986, 2021-02-26 08:40:16.331438
3562, 2414.774463037029, 2021-02-26 08:40:16.911177
3563, 2415.12239963701, 2021-02-26 08:40:17.259114
3564, 2416.325873680995, 2021-02-26 08:40:18.462585
3565, 2416.5778827350587, 2021-02-26 08:40:18.714597
3566, 2417.1009031289723, 2021-02-26 08:40:19.237616
3567, 2417.1734440269647, 2021-02-26 08:40:19.310158
3568, 2417.522372698062, 2021-02-26 08:40:19.659087
3569, 2417.9825332419714, 2021-02-26 08:40:20.119247
3570, 2418.096231500036, 2021-02-26 08:40:20.232946
3571, 2418.4506570440717, 2021-02-26 08:40:20.587371
3572, 2418.9013562180335, 2021-02-26 08:40:21.038070
3573, 2419.376413444057, 2021-02-26 08:40:21.513127
3574, 2419.9311349890195, 2021-02-26 08:40:22.067849
3575, 2420.414554910967, 2021-02-26 08:40:22.551267
3576, 2420.774359402014, 2021-02-26 08:40:22.911074
3577, 2422.0840581840603, 2021-02-26 08:40:24.220770
3578, 2423.0150454770774, 2021-02-26 08:40:25.151754
3579, 2423.6203684019856, 2021-02-26 08:40:25.757081
3580, 2424.953931408003, 2021-02-26 08:40:27.090641
3581, 2425.6785525250016, 2021-02-26 08:40:27.815263
3582, 2425.7093189769657, 2021-02-26 08:40:27.846033
3583, 2426.183926578029, 2021-02-26 08:40:28.320639
3584, 2428.3234464729903, 2021-02-26 08:40:30.460155
3585, 2429.293381548021, 2021-02-26 08:40:31.430095
3586, 2430.1492853170494, 2021-02-26 08:40:32.285998
3587, 2430.26675332, 2021-02-26 08:40:32.403468
3588, 2431.0676637999713, 2021-02-26 08:40:33.204373
3589, 2432.439028188004, 2021-02-26 08:40:34.575738
3590, 2433.5048136970727, 2021-02-26 08:40:35.641527
3591, 2434.612088198075, 2021-02-26 08:40:36.748799
3592, 2434.983811296057, 2021-02-26 08:40:37.120524
3593, 2435.176605678047, 2021-02-26 08:40:37.313320
3594, 2435.33734800003, 2021-02-26 08:40:37.474063
3595, 2435.9374449430034, 2021-02-26 08:40:38.074159
3596, 2436.9747972550103, 2021-02-26 08:40:39.111508
3597, 2439.6676856060512, 2021-02-26 08:40:41.804397
3598, 2442.308427270036, 2021-02-26 08:40:44.445139
3599, 2442.607221433078, 2021-02-26 08:40:44.743936
3600, 2443.9967556860065, 2021-02-26 08:40:46.133469
3601, 2444.4713209350593, 2021-02-26 08:40:46.608035
3602, 2445.1242371010594, 2021-02-26 08:40:47.260951
3603, 2445.151640177006, 2021-02-26 08:40:47.288354
3604, 2446.3732853590045, 2021-02-26 08:40:48.509999
3605, 2446.4956778270425, 2021-02-26 08:40:48.632392
3606, 2446.526612660964, 2021-02-26 08:40:48.663327
3607, 2446.632887999993, 2021-02-26 08:40:48.769602
3608, 2447.1593678840436, 2021-02-26 08:40:49.296082
3609, 2447.4437001050683, 2021-02-26 08:40:49.580414
3610, 2447.6161027459893, 2021-02-26 08:40:49.752817
3611, 2448.7010033230763, 2021-02-26 08:40:50.837709
3612, 2449.6757249339717, 2021-02-26 08:40:51.812436
3613, 2450.037413178012, 2021-02-26 08:40:52.174127
3614, 2452.5210210270016, 2021-02-26 08:40:54.657732
3615, 2453.5637398470426, 2021-02-26 08:40:55.700453
3616, 2453.6379881820176, 2021-02-26 08:40:55.774702
3617, 2454.912889418076, 2021-02-26 08:40:57.049603
3618, 2456.019614999066, 2021-02-26 08:40:58.156327
3619, 2456.3438630569726, 2021-02-26 08:40:58.480577
3620, 2457.510105496971, 2021-02-26 08:40:59.646818
3621, 2457.7794797760434, 2021-02-26 08:40:59.916194
3622, 2458.8301881359657, 2021-02-26 08:41:00.966902
3623, 2459.181210234994, 2021-02-26 08:41:01.317924
3624, 2459.1891057729954, 2021-02-26 08:41:01.325820
3625, 2460.8980792319635, 2021-02-26 08:41:03.034790
3626, 2461.042946118978, 2021-02-26 08:41:03.179658
3627, 2463.247567093, 2021-02-26 08:41:05.384275
3628, 2463.404758168035, 2021-02-26 08:41:05.541472
3629, 2463.482180112973, 2021-02-26 08:41:05.618894
3630, 2463.922630044981, 2021-02-26 08:41:06.059343
3631, 2464.476298912079, 2021-02-26 08:41:06.613013
3632, 2465.291786776972, 2021-02-26 08:41:07.428500
3633, 2465.4039507120615, 2021-02-26 08:41:07.540665
3634, 2466.293081837008, 2021-02-26 08:41:08.429795
3635, 2466.3604127230356, 2021-02-26 08:41:08.497127
3636, 2467.1044879830442, 2021-02-26 08:41:09.241199
3637, 2467.687277902034, 2021-02-26 08:41:09.823992
3638, 2467.925024272059, 2021-02-26 08:41:10.061738
3639, 2468.559562011971, 2021-02-26 08:41:10.696276
3640, 2469.677669260069, 2021-02-26 08:41:11.814382
3641, 2469.7338957510656, 2021-02-26 08:41:11.870610
3642, 2469.9205967830494, 2021-02-26 08:41:12.057311
3643, 2469.9855593170505, 2021-02-26 08:41:12.122274
3644, 2470.373496697983, 2021-02-26 08:41:12.510211
3645, 2470.819727851078, 2021-02-26 08:41:12.956442
3646, 2472.602726627025, 2021-02-26 08:41:14.739439
3647, 2473.087587328977, 2021-02-26 08:41:15.224301
3648, 2473.362522416981, 2021-02-26 08:41:15.499236
3649, 2474.2267147219973, 2021-02-26 08:41:16.363428
3650, 2474.2472333130427, 2021-02-26 08:41:16.383948
3651, 2475.44394327607, 2021-02-26 08:41:17.580657
3652, 2477.3563943509944, 2021-02-26 08:41:19.493106
3653, 2477.724426134024, 2021-02-26 08:41:19.861140
3654, 2478.441938349977, 2021-02-26 08:41:20.578652
3655, 2481.1440674350597, 2021-02-26 08:41:23.280780
3656, 2482.8052450789837, 2021-02-26 08:41:24.941958
3657, 2484.8739145119907, 2021-02-26 08:41:27.010628
3658, 2486.2176264710724, 2021-02-26 08:41:28.354339
3659, 2486.7306814490585, 2021-02-26 08:41:28.867395
3660, 2486.783003906021, 2021-02-26 08:41:28.919718
3661, 2487.176868762006, 2021-02-26 08:41:29.313583
3662, 2487.2185346899787, 2021-02-26 08:41:29.355249
3663, 2487.398906806018, 2021-02-26 08:41:29.535621
3664, 2489.1670428740326, 2021-02-26 08:41:31.303756
3665, 2489.186559387017, 2021-02-26 08:41:31.323274
3666, 2490.8768964000046, 2021-02-26 08:41:33.013610
3667, 2491.295111273066, 2021-02-26 08:41:33.431822
3668, 2491.6185694610467, 2021-02-26 08:41:33.755284
3669, 2493.203585235984, 2021-02-26 08:41:35.340299
3670, 2494.3655758210225, 2021-02-26 08:41:36.502290
3671, 2495.156349394005, 2021-02-26 08:41:37.293063
3672, 2495.6071092400234, 2021-02-26 08:41:37.743822
3673, 2496.5279693880584, 2021-02-26 08:41:38.664682
3674, 2497.53504839004, 2021-02-26 08:41:39.671759
3675, 2498.7486041350057, 2021-02-26 08:41:40.885310
3676, 2498.7712788920617, 2021-02-26 08:41:40.907993
3677, 2499.2202410170576, 2021-02-26 08:41:41.356953
3678, 2500.495728248963, 2021-02-26 08:41:42.632439
3679, 2501.054495393997, 2021-02-26 08:41:43.191208
3680, 2501.94724607002, 2021-02-26 08:41:44.083957
3681, 2502.2735217839945, 2021-02-26 08:41:44.410235
3682, 2502.8823180430336, 2021-02-26 08:41:45.019030
3683, 2502.8824250049656, 2021-02-26 08:41:45.019140
3684, 2505.002890639007, 2021-02-26 08:41:47.139602
3685, 2505.762053981074, 2021-02-26 08:41:47.898767
3686, 2506.183576966985, 2021-02-26 08:41:48.320290
3687, 2506.4597196860705, 2021-02-26 08:41:48.596434
3688, 2507.0082324270625, 2021-02-26 08:41:49.144946
3689, 2508.3704104480566, 2021-02-26 08:41:50.507123
3690, 2508.7280787060736, 2021-02-26 08:41:50.864793
3691, 2509.507411143044, 2021-02-26 08:41:51.644124
3692, 2510.1444596879883, 2021-02-26 08:41:52.281173
3693, 2510.949626174057, 2021-02-26 08:41:53.086339
3694, 2511.541908045998, 2021-02-26 08:41:53.678622
3695, 2511.64659542602, 2021-02-26 08:41:53.783309
3696, 2511.8911553260405, 2021-02-26 08:41:54.027869
3697, 2512.9380840819795, 2021-02-26 08:41:55.074798
3698, 2513.663316988037, 2021-02-26 08:41:55.800029
3699, 2514.2385520969983, 2021-02-26 08:41:56.375264
3700, 2514.882633269066, 2021-02-26 08:41:57.019347
3701, 2515.2947529450757, 2021-02-26 08:41:57.431467
3702, 2515.699199507013, 2021-02-26 08:41:57.835914
3703, 2515.881124402047, 2021-02-26 08:41:58.017838
3704, 2517.052419870044, 2021-02-26 08:41:59.189132
3705, 2517.907792067039, 2021-02-26 08:42:00.044505
3706, 2520.385693354998, 2021-02-26 08:42:02.522403
3707, 2520.5463823750615, 2021-02-26 08:42:02.683096
3708, 2520.801291072974, 2021-02-26 08:42:02.938005
3709, 2520.9620165730594, 2021-02-26 08:42:03.098730
3710, 2522.8218152479967, 2021-02-26 08:42:04.958527
3711, 2524.3249417530606, 2021-02-26 08:42:06.461655
3712, 2525.296023215982, 2021-02-26 08:42:07.432737
3713, 2525.6196095810737, 2021-02-26 08:42:07.756324
3714, 2526.4653452120256, 2021-02-26 08:42:08.602059
3715, 2526.625002151006, 2021-02-26 08:42:08.761716
3716, 2527.5416072109947, 2021-02-26 08:42:09.678321
3717, 2528.2681231499882, 2021-02-26 08:42:10.404837
3718, 2528.368457222008, 2021-02-26 08:42:10.505172
3719, 2528.575423410046, 2021-02-26 08:42:10.712138
3720, 2529.8157418529736, 2021-02-26 08:42:11.952455
3721, 2531.1847774040652, 2021-02-26 08:42:13.321490
3722, 2531.2325939040165, 2021-02-26 08:42:13.369308
3723, 2531.695275351056, 2021-02-26 08:42:13.831989
3724, 2532.396222901996, 2021-02-26 08:42:14.532936
3725, 2532.8513694349676, 2021-02-26 08:42:14.988084
3726, 2533.7606537530664, 2021-02-26 08:42:15.897367
3727, 2533.940021654009, 2021-02-26 08:42:16.076736
3728, 2534.8610357519938, 2021-02-26 08:42:16.997748
3729, 2535.08733899903, 2021-02-26 08:42:17.224053
3730, 2538.2552189739654, 2021-02-26 08:42:20.391930
3731, 2538.774125557975, 2021-02-26 08:42:20.910840
3732, 2538.856653089053, 2021-02-26 08:42:20.993367
3733, 2539.8362560190726, 2021-02-26 08:42:21.972969
3734, 2540.4969044720056, 2021-02-26 08:42:22.633619
3735, 2541.2217246850487, 2021-02-26 08:42:23.358437
3736, 2541.522352128057, 2021-02-26 08:42:23.659066
3737, 2542.985940107028, 2021-02-26 08:42:25.122653
3738, 2544.123563171015, 2021-02-26 08:42:26.260276
3739, 2544.4043274970027, 2021-02-26 08:42:26.541037
3740, 2544.6547777920496, 2021-02-26 08:42:26.791492
3741, 2545.2513338749995, 2021-02-26 08:42:27.388047
3742, 2545.453333516023, 2021-02-26 08:42:27.590048
3743, 2545.7892535480205, 2021-02-26 08:42:27.925968
3744, 2546.3739978800295, 2021-02-26 08:42:28.510711
3745, 2547.5177373950137, 2021-02-26 08:42:29.654450
3746, 2549.224671625998, 2021-02-26 08:42:31.361385
3747, 2549.639140465064, 2021-02-26 08:42:31.775854
3748, 2550.171309166006, 2021-02-26 08:42:32.308023
3749, 2550.629468475003, 2021-02-26 08:42:32.766182
3750, 2552.3708961000666, 2021-02-26 08:42:34.507609
3751, 2552.497960748966, 2021-02-26 08:42:34.634675
3752, 2552.6607030030573, 2021-02-26 08:42:34.797417
3753, 2555.108943443047, 2021-02-26 08:42:37.245657
3754, 2555.7481838699896, 2021-02-26 08:42:37.884898
3755, 2556.327845775988, 2021-02-26 08:42:38.464560
3756, 2557.0662178320345, 2021-02-26 08:42:39.202932
3757, 2557.2318428490544, 2021-02-26 08:42:39.368557
3758, 2558.5291984820506, 2021-02-26 08:42:40.665912
3759, 2558.794553786982, 2021-02-26 08:42:40.931268
3760, 2559.276504453039, 2021-02-26 08:42:41.413218
3761, 2559.3179800349753, 2021-02-26 08:42:41.454694
3762, 2559.5725789449643, 2021-02-26 08:42:41.709293
3763, 2561.1715326430276, 2021-02-26 08:42:43.308246
3764, 2561.322636140976, 2021-02-26 08:42:43.459351
3765, 2561.35259693407, 2021-02-26 08:42:43.489311
3766, 2561.9594255710253, 2021-02-26 08:42:44.096139
3767, 2562.2696229140274, 2021-02-26 08:42:44.406337
3768, 2562.3921516500413, 2021-02-26 08:42:44.528866
3769, 2562.5688822909724, 2021-02-26 08:42:44.705596
3770, 2562.5717451689998, 2021-02-26 08:42:44.708460
3771, 2563.3136988820042, 2021-02-26 08:42:45.450408
3772, 2563.508179445984, 2021-02-26 08:42:45.644894
3773, 2564.41279403097, 2021-02-26 08:42:46.549504
3774, 2564.4204391799867, 2021-02-26 08:42:46.557154
3775, 2565.376860279008, 2021-02-26 08:42:47.513574
3776, 2565.6964207550045, 2021-02-26 08:42:47.833135
3777, 2566.1110518160276, 2021-02-26 08:42:48.247766
3778, 2566.7865404130425, 2021-02-26 08:42:48.923255
3779, 2568.939797183033, 2021-02-26 08:42:51.076501
3780, 2569.1844982650364, 2021-02-26 08:42:51.321211
3781, 2570.3381001299713, 2021-02-26 08:42:52.474813
3782, 2572.942290297011, 2021-02-26 08:42:55.079002
3783, 2572.9431910039857, 2021-02-26 08:42:55.079904
3784, 2573.5654592900537, 2021-02-26 08:42:55.702172
3785, 2573.6073990639998, 2021-02-26 08:42:55.744113
3786, 2574.6611486440524, 2021-02-26 08:42:56.797859
3787, 2575.3231116060633, 2021-02-26 08:42:57.459825
3788, 2575.737413487048, 2021-02-26 08:42:57.874127
3789, 2576.078715763986, 2021-02-26 08:42:58.215429
3790, 2576.2676628719782, 2021-02-26 08:42:58.404377
3791, 2576.6280620120233, 2021-02-26 08:42:58.764776
3792, 2576.7188428869704, 2021-02-26 08:42:58.855557
3793, 2576.7684744939907, 2021-02-26 08:42:58.905189
3794, 2577.5637855320238, 2021-02-26 08:42:59.700499
3795, 2578.5196503180778, 2021-02-26 08:43:00.656362
3796, 2578.6052692240337, 2021-02-26 08:43:00.741983
3797, 2578.9044085430214, 2021-02-26 08:43:01.041123
3798, 2579.297830009018, 2021-02-26 08:43:01.434542
3799, 2579.7389278360642, 2021-02-26 08:43:01.875641
3800, 2579.810499294079, 2021-02-26 08:43:01.947211
3801, 2579.9123273880687, 2021-02-26 08:43:02.049041
3802, 2580.1664409280056, 2021-02-26 08:43:02.303155
3803, 2580.8155131459935, 2021-02-26 08:43:02.952223
3804, 2580.9443155070767, 2021-02-26 08:43:03.081030
3805, 2581.0452055430505, 2021-02-26 08:43:03.181919
3806, 2581.400435094023, 2021-02-26 08:43:03.537148
3807, 2582.0105001899647, 2021-02-26 08:43:04.147214
3808, 2584.1173786760774, 2021-02-26 08:43:06.254086
3809, 2584.953328202013, 2021-02-26 08:43:07.090041
3810, 2585.548209210043, 2021-02-26 08:43:07.684923
3811, 2586.163775145076, 2021-02-26 08:43:08.300489
3812, 2586.5683358539827, 2021-02-26 08:43:08.705050
3813, 2588.8136502819834, 2021-02-26 08:43:10.950359
3814, 2589.053785048076, 2021-02-26 08:43:11.190499
3815, 2589.510691103991, 2021-02-26 08:43:11.647405
3816, 2589.823030980071, 2021-02-26 08:43:11.959745
3817, 2590.513433004031, 2021-02-26 08:43:12.650147
3818, 2592.299234607024, 2021-02-26 08:43:14.435948
3819, 2592.4933537050383, 2021-02-26 08:43:14.630068
3820, 2593.3020500109997, 2021-02-26 08:43:15.438763
3821, 2593.5268201620784, 2021-02-26 08:43:15.663534
3822, 2593.5437154310057, 2021-02-26 08:43:15.680430
3823, 2593.5874858549796, 2021-02-26 08:43:15.724200
3824, 2595.072969268076, 2021-02-26 08:43:17.209682
3825, 2595.425472046016, 2021-02-26 08:43:17.562186
3826, 2597.131384075037, 2021-02-26 08:43:19.268098
3827, 2597.536257238011, 2021-02-26 08:43:19.672972
3828, 2598.032187520992, 2021-02-26 08:43:20.168902
3829, 2598.4650505590253, 2021-02-26 08:43:20.601765
3830, 2599.1606149310246, 2021-02-26 08:43:21.297329
3831, 2600.3301968390588, 2021-02-26 08:43:22.466909
3832, 2600.7640420410316, 2021-02-26 08:43:22.900756
3833, 2600.7950540509773, 2021-02-26 08:43:22.931768
3834, 2604.1436039920663, 2021-02-26 08:43:26.280312
3835, 2604.195469071972, 2021-02-26 08:43:26.332183
3836, 2604.8890153120738, 2021-02-26 08:43:27.025729
3837, 2604.960959254997, 2021-02-26 08:43:27.097674
3838, 2606.0055193139706, 2021-02-26 08:43:28.142233
3839, 2606.4335420670686, 2021-02-26 08:43:28.570256
3840, 2606.8512646419695, 2021-02-26 08:43:28.987978
3841, 2608.969100786024, 2021-02-26 08:43:31.105814
3842, 2609.032156286994, 2021-02-26 08:43:31.168869
3843, 2609.0707060369896, 2021-02-26 08:43:31.207421
3844, 2609.0844734510174, 2021-02-26 08:43:31.221188
3845, 2609.6855141390115, 2021-02-26 08:43:31.822228
3846, 2610.2805190579966, 2021-02-26 08:43:32.417233
3847, 2610.4083863979904, 2021-02-26 08:43:32.545100
3848, 2610.7024352580775, 2021-02-26 08:43:32.839149
3849, 2612.113218917977, 2021-02-26 08:43:34.249932
3850, 2612.730028699967, 2021-02-26 08:43:34.866742
3851, 2613.0457952420693, 2021-02-26 08:43:35.182510
3852, 2613.7022810289636, 2021-02-26 08:43:35.838993
3853, 2615.3364489889937, 2021-02-26 08:43:37.473160
3854, 2616.1383398070466, 2021-02-26 08:43:38.275053
3855, 2616.4630799500737, 2021-02-26 08:43:38.599794
3856, 2616.6900725020096, 2021-02-26 08:43:38.826786
3857, 2616.7427615290508, 2021-02-26 08:43:38.879476
3858, 2617.5044408800313, 2021-02-26 08:43:39.641151
3859, 2618.3532629630063, 2021-02-26 08:43:40.489973
3860, 2619.7957574210595, 2021-02-26 08:43:41.932468
3861, 2620.3892775600543, 2021-02-26 08:43:42.525991
3862, 2622.950903599034, 2021-02-26 08:43:45.087616
3863, 2625.027420295053, 2021-02-26 08:43:47.164133
3864, 2625.2212054430274, 2021-02-26 08:43:47.357919
3865, 2625.8032211359823, 2021-02-26 08:43:47.939934
3866, 2625.8095254349755, 2021-02-26 08:43:47.946240
3867, 2626.119509445969, 2021-02-26 08:43:48.256223
3868, 2626.7337820660323, 2021-02-26 08:43:48.870496
3869, 2627.116633514059, 2021-02-26 08:43:49.253348
3870, 2627.430037280079, 2021-02-26 08:43:49.566751
3871, 2627.5006262200186, 2021-02-26 08:43:49.637340
3872, 2628.349648520001, 2021-02-26 08:43:50.486362
3873, 2628.3667122470215, 2021-02-26 08:43:50.503427
3874, 2628.7912787189707, 2021-02-26 08:43:50.927993
3875, 2629.1572041020263, 2021-02-26 08:43:51.293918
3876, 2629.4112663069973, 2021-02-26 08:43:51.547981
3877, 2629.664295103983, 2021-02-26 08:43:51.801009
3878, 2630.540779074072, 2021-02-26 08:43:52.677493
3879, 2631.2905976920156, 2021-02-26 08:43:53.427312
3880, 2631.333874191041, 2021-02-26 08:43:53.470589
3881, 2631.652508232044, 2021-02-26 08:43:53.789221
3882, 2632.061841533985, 2021-02-26 08:43:54.198555
3883, 2632.601371380035, 2021-02-26 08:43:54.738085
3884, 2633.20125206199, 2021-02-26 08:43:55.337966
3885, 2634.005081783049, 2021-02-26 08:43:56.141794
3886, 2634.239102566964, 2021-02-26 08:43:56.375817
3887, 2634.4583913070383, 2021-02-26 08:43:56.595105
3888, 2634.8761964580044, 2021-02-26 08:43:57.012911
3889, 2635.466185654979, 2021-02-26 08:43:57.602900
3890, 2635.6409477690468, 2021-02-26 08:43:57.777662
3891, 2635.741068884963, 2021-02-26 08:43:57.877783
3892, 2637.680932383053, 2021-02-26 08:43:59.817645
3893, 2638.034525778028, 2021-02-26 08:44:00.171240
3894, 2638.1688598240726, 2021-02-26 08:44:00.305574
3895, 2638.185932068038, 2021-02-26 08:44:00.322646
3896, 2638.3081525070593, 2021-02-26 08:44:00.444867
3897, 2638.620698087965, 2021-02-26 08:44:00.757412
3898, 2638.6470910790376, 2021-02-26 08:44:00.783805
3899, 2640.9915830109967, 2021-02-26 08:44:03.128290
3900, 2641.2089824620634, 2021-02-26 08:44:03.345697
3901, 2641.6092458280036, 2021-02-26 08:44:03.745960
3902, 2641.859446641989, 2021-02-26 08:44:03.996161
3903, 2643.16616439505, 2021-02-26 08:44:05.302877
3904, 2644.945479145972, 2021-02-26 08:44:07.082192
3905, 2645.155555331032, 2021-02-26 08:44:07.292269
3906, 2645.268953399034, 2021-02-26 08:44:07.405668
3907, 2645.4195374209667, 2021-02-26 08:44:07.556252
3908, 2646.02895875799, 2021-02-26 08:44:08.165673
3909, 2647.176513595041, 2021-02-26 08:44:09.313227
3910, 2648.8410938279703, 2021-02-26 08:44:10.977808
3911, 2649.3649516829755, 2021-02-26 08:44:11.501665
3912, 2649.7219481680077, 2021-02-26 08:44:11.858663
3913, 2649.8264531469904, 2021-02-26 08:44:11.963168
3914, 2650.251118447981, 2021-02-26 08:44:12.387832
3915, 2650.6608846720774, 2021-02-26 08:44:12.797598
3916, 2651.4888722120086, 2021-02-26 08:44:13.625586
3917, 2651.765464154072, 2021-02-26 08:44:13.902178
3918, 2652.376544777071, 2021-02-26 08:44:14.513259
3919, 2652.860396370059, 2021-02-26 08:44:14.997111
3920, 2652.8871027620044, 2021-02-26 08:44:15.023817
3921, 2653.3332312799757, 2021-02-26 08:44:15.469942
3922, 2653.897066603997, 2021-02-26 08:44:16.033780
3923, 2654.0942281140015, 2021-02-26 08:44:16.230942
3924, 2654.1186367860064, 2021-02-26 08:44:16.255351
3925, 2654.5559045660775, 2021-02-26 08:44:16.692619
3926, 2654.6128412140533, 2021-02-26 08:44:16.749556
3927, 2654.7396926580695, 2021-02-26 08:44:16.876407
3928, 2655.38303440297, 2021-02-26 08:44:17.519748
3929, 2656.5180986890336, 2021-02-26 08:44:18.654813
3930, 2657.854848101968, 2021-02-26 08:44:19.991561
3931, 2658.362340108026, 2021-02-26 08:44:20.499054
3932, 2658.4016796890646, 2021-02-26 08:44:20.538394
3933, 2660.5398927800125, 2021-02-26 08:44:22.676606
3934, 2661.5089383519953, 2021-02-26 08:44:23.645651
3935, 2662.6670739320107, 2021-02-26 08:44:24.803786
3936, 2662.9194846480386, 2021-02-26 08:44:25.056198
3937, 2663.1508567449637, 2021-02-26 08:44:25.287571
3938, 2663.732707696967, 2021-02-26 08:44:25.869422
3939, 2664.6385794579983, 2021-02-26 08:44:26.775292
3940, 2665.244083960075, 2021-02-26 08:44:27.380797
3941, 2666.620111830998, 2021-02-26 08:44:28.756825
3942, 2666.9401700960007, 2021-02-26 08:44:29.076884
3943, 2668.560035667033, 2021-02-26 08:44:30.696749
3944, 2670.9220372610725, 2021-02-26 08:44:33.058747
3945, 2673.617160693975, 2021-02-26 08:44:35.753874
3946, 2673.628976545064, 2021-02-26 08:44:35.765691
3947, 2674.362346588983, 2021-02-26 08:44:36.499060
3948, 2674.873521478963, 2021-02-26 08:44:37.010231
3949, 2675.3633350699674, 2021-02-26 08:44:37.500049
3950, 2675.9787423009984, 2021-02-26 08:44:38.115456
3951, 2676.5523265140364, 2021-02-26 08:44:38.689040
3952, 2677.3554870439693, 2021-02-26 08:44:39.492201
3953, 2678.5424830300035, 2021-02-26 08:44:40.679196
3954, 2678.8299922699807, 2021-02-26 08:44:40.966707
3955, 2680.660202449071, 2021-02-26 08:44:42.796910
3956, 2680.937206867966, 2021-02-26 08:44:43.073919
3957, 2681.1912114630686, 2021-02-26 08:44:43.327925
3958, 2681.4170594720636, 2021-02-26 08:44:43.553773
3959, 2681.426023020991, 2021-02-26 08:44:43.562737
3960, 2681.7396364340093, 2021-02-26 08:44:43.876350
3961, 2681.828328507021, 2021-02-26 08:44:43.965043
3962, 2682.0263119060546, 2021-02-26 08:44:44.163026
3963, 2682.1664670860628, 2021-02-26 08:44:44.303181
3964, 2683.2783275010297, 2021-02-26 08:44:45.415040
3965, 2683.85439102503, 2021-02-26 08:44:45.991105
3966, 2685.046796238981, 2021-02-26 08:44:47.183510
3967, 2685.10791584407, 2021-02-26 08:44:47.244630
3968, 2685.7961192689836, 2021-02-26 08:44:47.932833
3969, 2686.9277046780335, 2021-02-26 08:44:49.064418
3970, 2688.2052633980056, 2021-02-26 08:44:50.341970
3971, 2689.1122978819767, 2021-02-26 08:44:51.249010
3972, 2689.225043812068, 2021-02-26 08:44:51.361758
3973, 2689.3992707299767, 2021-02-26 08:44:51.535984
3974, 2690.4613658490125, 2021-02-26 08:44:52.598079
3975, 2692.7227816689992, 2021-02-26 08:44:54.859492
3976, 2692.765259171021, 2021-02-26 08:44:54.901974
3977, 2692.9467063309858, 2021-02-26 08:44:55.083420
3978, 2693.0689815570368, 2021-02-26 08:44:55.205695
3979, 2693.1300270879874, 2021-02-26 08:44:55.266741
3980, 2693.630673547974, 2021-02-26 08:44:55.767388
3981, 2693.9651277690427, 2021-02-26 08:44:56.101842
3982, 2695.4357687609736, 2021-02-26 08:44:57.572478
3983, 2695.60562841699, 2021-02-26 08:44:57.742343
3984, 2695.6938797150506, 2021-02-26 08:44:57.830594
3985, 2696.031485008076, 2021-02-26 08:44:58.168199
3986, 2697.135267299018, 2021-02-26 08:44:59.271977
3987, 2697.4877097760327, 2021-02-26 08:44:59.624424
3988, 2697.6452376269735, 2021-02-26 08:44:59.781952
3989, 2698.4731378260767, 2021-02-26 08:45:00.609852
3990, 2698.490464208997, 2021-02-26 08:45:00.627179
3991, 2700.491019836045, 2021-02-26 08:45:02.627727
3992, 2700.696846325067, 2021-02-26 08:45:02.833560
3993, 2701.413930666982, 2021-02-26 08:45:03.550639
3994, 2701.6242251329822, 2021-02-26 08:45:03.760939
3995, 2701.7624852990266, 2021-02-26 08:45:03.899200
3996, 2701.9079250430223, 2021-02-26 08:45:04.044639
3997, 2701.9957371610217, 2021-02-26 08:45:04.132451
3998, 2702.8039753549965, 2021-02-26 08:45:04.940689
3999, 2704.394059863058, 2021-02-26 08:45:06.530771
4000, 2704.4158276689705, 2021-02-26 08:45:06.552542
4001, 2704.948872747016, 2021-02-26 08:45:07.085587
4002, 2704.9782275500474, 2021-02-26 08:45:07.114942
4003, 2705.269404825056, 2021-02-26 08:45:07.406119
4004, 2706.186551462044, 2021-02-26 08:45:08.323265
4005, 2706.8909024189925, 2021-02-26 08:45:09.027616
4006, 2707.8933025259757, 2021-02-26 08:45:10.030017
4007, 2710.424524670001, 2021-02-26 08:45:12.561238
4008, 2710.6324388739886, 2021-02-26 08:45:12.769153
4009, 2710.8673312179744, 2021-02-26 08:45:13.004045
4010, 2710.9086689230753, 2021-02-26 08:45:13.045383
4011, 2711.5695139960153, 2021-02-26 08:45:13.706228
4012, 2715.3895224219887, 2021-02-26 08:45:17.526235
4013, 2715.420756950043, 2021-02-26 08:45:17.557471
4014, 2715.576329972013, 2021-02-26 08:45:17.713044
4015, 2715.8094793059863, 2021-02-26 08:45:17.946194
4016, 2716.2757753969636, 2021-02-26 08:45:18.412490
4017, 2716.7509194259765, 2021-02-26 08:45:18.887634
4018, 2716.794313334045, 2021-02-26 08:45:18.931028
4019, 2717.641550097964, 2021-02-26 08:45:19.778264
4020, 2719.0216035050107, 2021-02-26 08:45:21.158317
4021, 2719.124483464984, 2021-02-26 08:45:21.261197
4022, 2719.259139331989, 2021-02-26 08:45:21.395854
4023, 2719.350544122979, 2021-02-26 08:45:21.487258
4024, 2719.4696601880714, 2021-02-26 08:45:21.606374
4025, 2720.8411415880546, 2021-02-26 08:45:22.977855
4026, 2721.3617730339756, 2021-02-26 08:45:23.498487
4027, 2721.406863393029, 2021-02-26 08:45:23.543578
4028, 2722.592076988076, 2021-02-26 08:45:24.728791
4029, 2722.6573801600607, 2021-02-26 08:45:24.794094
4030, 2724.5315638349857, 2021-02-26 08:45:26.668275
4031, 2725.1820129830157, 2021-02-26 08:45:27.318727
4032, 2725.230374988052, 2021-02-26 08:45:27.367089
4033, 2725.5597006099997, 2021-02-26 08:45:27.696415
4034, 2725.749819391989, 2021-02-26 08:45:27.886534
4035, 2725.906480130041, 2021-02-26 08:45:28.043194
4036, 2726.1344705820084, 2021-02-26 08:45:28.271185
4037, 2726.7944850219646, 2021-02-26 08:45:28.931198
4038, 2728.7363127609715, 2021-02-26 08:45:30.873027
4039, 2728.758274302003, 2021-02-26 08:45:30.894989
4040, 2731.900973714073, 2021-02-26 08:45:34.037683
4041, 2733.152158846031, 2021-02-26 08:45:35.288873
4042, 2734.8750913260737, 2021-02-26 08:45:37.011805
4043, 2736.1469668600475, 2021-02-26 08:45:38.283679
4044, 2736.4229927000124, 2021-02-26 08:45:38.559707
4045, 2737.331909450004, 2021-02-26 08:45:39.468624
4046, 2738.0779756490374, 2021-02-26 08:45:40.214690
4047, 2739.531710640993, 2021-02-26 08:45:41.668424
4048, 2740.7634650249965, 2021-02-26 08:45:42.900179
4049, 2740.8189993459964, 2021-02-26 08:45:42.955714
4050, 2741.849981400068, 2021-02-26 08:45:43.986695
4051, 2744.679897533031, 2021-02-26 08:45:46.816611
4052, 2745.613743040012, 2021-02-26 08:45:47.750457
4053, 2746.8966169250198, 2021-02-26 08:45:49.033331
4054, 2747.4702007060405, 2021-02-26 08:45:49.606915
4055, 2748.7602738069836, 2021-02-26 08:45:50.896982
4056, 2748.766862116987, 2021-02-26 08:45:50.903577
4057, 2749.76318528899, 2021-02-26 08:45:51.899898
4058, 2749.807674080017, 2021-02-26 08:45:51.944388
4059, 2749.8517283980036, 2021-02-26 08:45:51.988443
4060, 2750.628063364071, 2021-02-26 08:45:52.764778
4061, 2751.5368491810514, 2021-02-26 08:45:53.673563
4062, 2752.9458835580153, 2021-02-26 08:45:55.082596
4063, 2753.033448553062, 2021-02-26 08:45:55.170163
4064, 2753.2585846249713, 2021-02-26 08:45:55.395299
4065, 2753.3004624430323, 2021-02-26 08:45:55.437177
4066, 2753.7981970669935, 2021-02-26 08:45:55.934911
4067, 2754.0827654619934, 2021-02-26 08:45:56.219479
4068, 2754.1727611550596, 2021-02-26 08:45:56.309475
4069, 2754.57322711905, 2021-02-26 08:45:56.709941
4070, 2754.953081410029, 2021-02-26 08:45:57.089795
4071, 2755.0313102169894, 2021-02-26 08:45:57.168025
4072, 2755.9945184880635, 2021-02-26 08:45:58.131232
4073, 2756.811105838977, 2021-02-26 08:45:58.947819
4074, 2757.6364031090634, 2021-02-26 08:45:59.773117
4075, 2758.7077977970475, 2021-02-26 08:46:00.844512
4076, 2758.8528853140306, 2021-02-26 08:46:00.989600
4077, 2759.857490841998, 2021-02-26 08:46:01.994196
4078, 2760.365367089049, 2021-02-26 08:46:02.502081
4079, 2761.591591350967, 2021-02-26 08:46:03.728303
4080, 2762.486623637029, 2021-02-26 08:46:04.623337
4081, 2763.11255400104, 2021-02-26 08:46:05.249268
4082, 2763.13187986298, 2021-02-26 08:46:05.268594
4083, 2763.202359657036, 2021-02-26 08:46:05.339074
4084, 2764.0354158830596, 2021-02-26 08:46:06.172130
4085, 2765.5659642390674, 2021-02-26 08:46:07.702678
4086, 2765.7130107360426, 2021-02-26 08:46:07.849725
4087, 2765.9152020369656, 2021-02-26 08:46:08.051916
4088, 2766.2017068860587, 2021-02-26 08:46:08.338421
4089, 2767.254548278055, 2021-02-26 08:46:09.391262
4090, 2767.438716304023, 2021-02-26 08:46:09.575431
4091, 2767.647552783019, 2021-02-26 08:46:09.784267
4092, 2767.846353327972, 2021-02-26 08:46:09.983068
4093, 2767.9402321700472, 2021-02-26 08:46:10.076947
4094, 2768.2246670720633, 2021-02-26 08:46:10.361381
4095, 2768.3416437100386, 2021-02-26 08:46:10.478357
4096, 2769.6760174350347, 2021-02-26 08:46:11.812729
4097, 2770.163972240058, 2021-02-26 08:46:12.300686
4098, 2770.9928209290374, 2021-02-26 08:46:13.129535
4099, 2771.1394203010714, 2021-02-26 08:46:13.276135
4100, 2771.2655834420584, 2021-02-26 08:46:13.402298
4101, 2771.330118431011, 2021-02-26 08:46:13.466833
4102, 2771.8143048930215, 2021-02-26 08:46:13.951017
4103, 2772.583363058977, 2021-02-26 08:46:14.720077
4104, 2775.229632308008, 2021-02-26 08:46:17.366341
4105, 2776.3764461360406, 2021-02-26 08:46:18.513158
4106, 2776.5404166800436, 2021-02-26 08:46:18.677131
4107, 2776.723418905982, 2021-02-26 08:46:18.860133
4108, 2776.866460968042, 2021-02-26 08:46:19.003175
4109, 2778.0194636060623, 2021-02-26 08:46:20.156172
4110, 2778.100209029042, 2021-02-26 08:46:20.236920
4111, 2778.1751535730436, 2021-02-26 08:46:20.311868
4112, 2778.495323907002, 2021-02-26 08:46:20.632038
4113, 2779.0760904629715, 2021-02-26 08:46:21.212803
4114, 2780.120615161024, 2021-02-26 08:46:22.257328
4115, 2780.9460093270754, 2021-02-26 08:46:23.082721
4116, 2781.773838744033, 2021-02-26 08:46:23.910551
4117, 2782.7804200310493, 2021-02-26 08:46:24.917133
4118, 2783.2311875100713, 2021-02-26 08:46:25.367902
4119, 2784.380888089072, 2021-02-26 08:46:26.517602
4120, 2785.313802171964, 2021-02-26 08:46:27.450516
4121, 2786.601810181979, 2021-02-26 08:46:28.738523
4122, 2787.6335065440508, 2021-02-26 08:46:29.770219
4123, 2788.82206130703, 2021-02-26 08:46:30.958775
4124, 2789.208386495011, 2021-02-26 08:46:31.345101
4125, 2789.764776611002, 2021-02-26 08:46:31.901490
4126, 2790.572405103012, 2021-02-26 08:46:32.709114
4127, 2790.7482495950535, 2021-02-26 08:46:32.884963
4128, 2791.9010394070065, 2021-02-26 08:46:34.037752
4129, 2792.1589562940644, 2021-02-26 08:46:34.295670
4130, 2794.966844171984, 2021-02-26 08:46:37.103557
4131, 2796.700057904003, 2021-02-26 08:46:38.836771
4132, 2796.7443488209974, 2021-02-26 08:46:38.881063
4133, 2797.1627591330325, 2021-02-26 08:46:39.299473
4134, 2797.304562726058, 2021-02-26 08:46:39.441277
4135, 2799.4138918929966, 2021-02-26 08:46:41.550599
4136, 2799.7786875619786, 2021-02-26 08:46:41.915402
4137, 2799.946303343051, 2021-02-26 08:46:42.083016
4138, 2800.3977099900367, 2021-02-26 08:46:42.534424
4139, 2801.3991253999993, 2021-02-26 08:46:43.535839
4140, 2802.904382167035, 2021-02-26 08:46:45.041095
4141, 2802.979473517975, 2021-02-26 08:46:45.116188
4142, 2803.746968967025, 2021-02-26 08:46:45.883680
4143, 2804.772054687026, 2021-02-26 08:46:46.908768
4144, 2804.881197524024, 2021-02-26 08:46:47.017912
4145, 2805.6779324860545, 2021-02-26 08:46:47.814646
4146, 2805.91475438606, 2021-02-26 08:46:48.051469
4147, 2806.0194080430083, 2021-02-26 08:46:48.156122
4148, 2806.0702791380463, 2021-02-26 08:46:48.206994
4149, 2807.2133566960692, 2021-02-26 08:46:49.350071
4150, 2808.5370492209913, 2021-02-26 08:46:50.673754
4151, 2808.650409186026, 2021-02-26 08:46:50.787123
4152, 2810.649478555075, 2021-02-26 08:46:52.786191
4153, 2811.296044546063, 2021-02-26 08:46:53.432756
4154, 2812.0057459679665, 2021-02-26 08:46:54.142460
4155, 2814.286119270022, 2021-02-26 08:46:56.422831
4156, 2814.4960134760477, 2021-02-26 08:46:56.632728
4157, 2814.9068526399788, 2021-02-26 08:46:57.043567
4158, 2815.25204034301, 2021-02-26 08:46:57.388755
4159, 2816.156321548973, 2021-02-26 08:46:58.293033
4160, 2816.4352501720423, 2021-02-26 08:46:58.571964
4161, 2818.233546404983, 2021-02-26 08:47:00.370259
4162, 2819.0027714540483, 2021-02-26 08:47:01.139485
4163, 2819.411303856992, 2021-02-26 08:47:01.548017
4164, 2820.541957608075, 2021-02-26 08:47:02.678671
4165, 2820.6922639650293, 2021-02-26 08:47:02.828978
4166, 2820.702836164972, 2021-02-26 08:47:02.839551
4167, 2820.771852749982, 2021-02-26 08:47:02.908567
4168, 2820.972695501987, 2021-02-26 08:47:03.109410
4169, 2821.541551303002, 2021-02-26 08:47:03.678265
4170, 2821.546534140012, 2021-02-26 08:47:03.683249
4171, 2822.3756954460405, 2021-02-26 08:47:04.512410
4172, 2822.842212902964, 2021-02-26 08:47:04.978927
4173, 2823.654227326042, 2021-02-26 08:47:05.790942
4174, 2823.7189987259917, 2021-02-26 08:47:05.855713
4175, 2824.056755144964, 2021-02-26 08:47:06.193470
4176, 2825.206454336061, 2021-02-26 08:47:07.343165
4177, 2825.548618101049, 2021-02-26 08:47:07.685332
4178, 2825.7574128389824, 2021-02-26 08:47:07.894127
4179, 2826.4512160680024, 2021-02-26 08:47:08.587930
4180, 2826.951500416966, 2021-02-26 08:47:09.088214
4181, 2828.0914234020747, 2021-02-26 08:47:10.228137
4182, 2828.3033658399945, 2021-02-26 08:47:10.440080
4183, 2828.610219269991, 2021-02-26 08:47:10.746933
4184, 2829.8921449920163, 2021-02-26 08:47:12.028858
4185, 2830.2755307189655, 2021-02-26 08:47:12.412245
4186, 2831.0641314130044, 2021-02-26 08:47:13.200846
4187, 2832.4242916899966, 2021-02-26 08:47:14.561005
4188, 2833.7755357329734, 2021-02-26 08:47:15.912250
4189, 2835.016448853072, 2021-02-26 08:47:17.153160
4190, 2836.0529595110565, 2021-02-26 08:47:18.189673
4191, 2836.9515309110284, 2021-02-26 08:47:19.088245
4192, 2837.327514133067, 2021-02-26 08:47:19.464228
4193, 2837.442585185985, 2021-02-26 08:47:19.579299
4194, 2838.4807084939675, 2021-02-26 08:47:20.617422
4195, 2838.7405863830354, 2021-02-26 08:47:20.877301
4196, 2839.0353068900295, 2021-02-26 08:47:21.172021
4197, 2840.2282515340485, 2021-02-26 08:47:22.364964
4198, 2840.727404161007, 2021-02-26 08:47:22.864119
4199, 2841.4132336500334, 2021-02-26 08:47:23.549948
4200, 2843.122492565075, 2021-02-26 08:47:25.259206
4201, 2844.840887048049, 2021-02-26 08:47:26.977601
4202, 2845.665341084008, 2021-02-26 08:47:27.802055
4203, 2845.762341476977, 2021-02-26 08:47:27.899056
4204, 2845.8347032190068, 2021-02-26 08:47:27.971417
4205, 2847.014606425073, 2021-02-26 08:47:29.151320
4206, 2848.3375147500774, 2021-02-26 08:47:30.474229
4207, 2848.4392360210186, 2021-02-26 08:47:30.575950
4208, 2849.389946712996, 2021-02-26 08:47:31.526661
4209, 2849.5884283049963, 2021-02-26 08:47:31.725142
4210, 2850.203843889991, 2021-02-26 08:47:32.340558
4211, 2851.6350390410516, 2021-02-26 08:47:33.771752
4212, 2851.8693347689696, 2021-02-26 08:47:34.006049
4213, 2852.1768414790276, 2021-02-26 08:47:34.313556
4214, 2852.252831135993, 2021-02-26 08:47:34.389546
4215, 2852.692710104049, 2021-02-26 08:47:34.829424
4216, 2852.8079520009924, 2021-02-26 08:47:34.944666
4217, 2853.3258757910226, 2021-02-26 08:47:35.462590
4218, 2853.658955930965, 2021-02-26 08:47:35.795670
4219, 2855.3303347419715, 2021-02-26 08:47:37.467047
4220, 2858.4930523490766, 2021-02-26 08:47:40.629761
4221, 2859.0932826540666, 2021-02-26 08:47:41.229996
4222, 2859.7085313190473, 2021-02-26 08:47:41.845244
4223, 2860.0222426149994, 2021-02-26 08:47:42.158956
4224, 2860.538685180014, 2021-02-26 08:47:42.675399
4225, 2860.573283466976, 2021-02-26 08:47:42.709998
4226, 2861.270646599005, 2021-02-26 08:47:43.407360
4227, 2862.05855606799, 2021-02-26 08:47:44.195270
4228, 2863.1422506690724, 2021-02-26 08:47:45.278963
4229, 2863.154988236027, 2021-02-26 08:47:45.291702
4230, 2863.3105127030285, 2021-02-26 08:47:45.447227
4231, 2863.693404032034, 2021-02-26 08:47:45.830118
4232, 2864.268899217015, 2021-02-26 08:47:46.405612
4233, 2864.401081214077, 2021-02-26 08:47:46.537796
4234, 2865.7148054540157, 2021-02-26 08:47:47.851519
4235, 2868.7929705440765, 2021-02-26 08:47:50.929682
4236, 2869.0663686860353, 2021-02-26 08:47:51.203083
4237, 2869.4696910490748, 2021-02-26 08:47:51.606404
4238, 2871.1102571369847, 2021-02-26 08:47:53.246971
4239, 2871.2043540750165, 2021-02-26 08:47:53.341068
4240, 2872.896071864059, 2021-02-26 08:47:55.032785
4241, 2873.9778641150333, 2021-02-26 08:47:56.114578
4242, 2874.5487765880534, 2021-02-26 08:47:56.685491
4243, 2876.3978426790563, 2021-02-26 08:47:58.534556
4244, 2876.6189549240516, 2021-02-26 08:47:58.755669
4245, 2877.096252040006, 2021-02-26 08:47:59.232966
4246, 2877.561816163012, 2021-02-26 08:47:59.698530
4247, 2877.8992329620523, 2021-02-26 08:48:00.035947
4248, 2878.357408049982, 2021-02-26 08:48:00.494122
4249, 2878.792482109973, 2021-02-26 08:48:00.929196
4250, 2879.529394421028, 2021-02-26 08:48:01.666106
4251, 2880.296927624033, 2021-02-26 08:48:02.433636
4252, 2880.4353352250764, 2021-02-26 08:48:02.572048
4253, 2882.2344238529913, 2021-02-26 08:48:04.371134
4254, 2883.3743948440533, 2021-02-26 08:48:05.511108
4255, 2883.56607439206, 2021-02-26 08:48:05.702789
4256, 2884.415523833013, 2021-02-26 08:48:06.552234
4257, 2885.302753795986, 2021-02-26 08:48:07.439467
4258, 2885.517438112991, 2021-02-26 08:48:07.654142
4259, 2886.064872269053, 2021-02-26 08:48:08.201585
4260, 2886.7251384289702, 2021-02-26 08:48:08.861852
4261, 2887.074540614034, 2021-02-26 08:48:09.211255
4262, 2887.07930236205, 2021-02-26 08:48:09.216016
4263, 2891.116705775028, 2021-02-26 08:48:13.253411
4264, 2891.6863887440413, 2021-02-26 08:48:13.823102
4265, 2891.8314835909987, 2021-02-26 08:48:13.968198
4266, 2892.3063219540054, 2021-02-26 08:48:14.443036
4267, 2893.5444213290466, 2021-02-26 08:48:15.681131
4268, 2893.5459723749664, 2021-02-26 08:48:15.682687
4269, 2894.9428272340447, 2021-02-26 08:48:17.079539
4270, 2895.3558661710704, 2021-02-26 08:48:17.492580
4271, 2896.6587122010533, 2021-02-26 08:48:18.795426
4272, 2896.681502031046, 2021-02-26 08:48:18.818216
4273, 2897.5566672750283, 2021-02-26 08:48:19.693381
4274, 2900.5890903710388, 2021-02-26 08:48:22.725802
4275, 2900.87569134403, 2021-02-26 08:48:23.012405
4276, 2900.944852003013, 2021-02-26 08:48:23.081566
4277, 2902.325672975974, 2021-02-26 08:48:24.462383
4278, 2902.7039292929694, 2021-02-26 08:48:24.840644
4279, 2903.110140271019, 2021-02-26 08:48:25.246854
4280, 2903.4689866600093, 2021-02-26 08:48:25.605701
4281, 2904.253231937997, 2021-02-26 08:48:26.389946
4282, 2904.4610438330565, 2021-02-26 08:48:26.597758
4283, 2904.503268403001, 2021-02-26 08:48:26.639983
4284, 2904.96192415501, 2021-02-26 08:48:27.098638
4285, 2905.2924043129897, 2021-02-26 08:48:27.429119
4286, 2905.7973595979856, 2021-02-26 08:48:27.934073
4287, 2906.1083227570634, 2021-02-26 08:48:28.245037
4288, 2906.3705779070733, 2021-02-26 08:48:28.507292
4289, 2907.751208105008, 2021-02-26 08:48:29.887920
4290, 2908.590093720006, 2021-02-26 08:48:30.726808
4291, 2908.791751057026, 2021-02-26 08:48:30.928466
4292, 2908.892817841028, 2021-02-26 08:48:31.029532
4293, 2909.8669953229837, 2021-02-26 08:48:32.003709
4294, 2911.3105826850515, 2021-02-26 08:48:33.447291
4295, 2911.4816464430187, 2021-02-26 08:48:33.618360
4296, 2912.2213313080138, 2021-02-26 08:48:34.358045
4297, 2912.6746939789737, 2021-02-26 08:48:34.811408
4298, 2912.809428486973, 2021-02-26 08:48:34.946143
4299, 2913.184422426042, 2021-02-26 08:48:35.321137
4300, 2913.3605887399754, 2021-02-26 08:48:35.497294
4301, 2914.228273284971, 2021-02-26 08:48:36.364984
4302, 2914.6212992310757, 2021-02-26 08:48:36.758013
4303, 2915.384311074973, 2021-02-26 08:48:37.521012
4304, 2918.486447602976, 2021-02-26 08:48:40.623154
4305, 2918.627937301062, 2021-02-26 08:48:40.764651
4306, 2919.5424830790143, 2021-02-26 08:48:41.679195
4307, 2919.587112697074, 2021-02-26 08:48:41.723827
4308, 2921.6285804570653, 2021-02-26 08:48:43.765289
4309, 2921.814329334069, 2021-02-26 08:48:43.951044
4310, 2922.73930365697, 2021-02-26 08:48:44.876017
4311, 2924.9339515140746, 2021-02-26 08:48:47.070664
4312, 2925.1625920940423, 2021-02-26 08:48:47.299307
4313, 2925.655608679983, 2021-02-26 08:48:47.792323
4314, 2925.7847378220176, 2021-02-26 08:48:47.921452
4315, 2926.2280095680617, 2021-02-26 08:48:48.364724
4316, 2929.2198454010068, 2021-02-26 08:48:51.356550
4317, 2929.3903127739904, 2021-02-26 08:48:51.527027
4318, 2930.8670639829943, 2021-02-26 08:48:53.003774
4319, 2931.5921723160427, 2021-02-26 08:48:53.728886
4320, 2933.8550551100634, 2021-02-26 08:48:55.991768
4321, 2935.161631427007, 2021-02-26 08:48:57.298344
4322, 2935.256564259995, 2021-02-26 08:48:57.393279
4323, 2935.336394182057, 2021-02-26 08:48:57.473109
4324, 2935.8640644430416, 2021-02-26 08:48:58.000778
4325, 2936.3196883980418, 2021-02-26 08:48:58.456403
4326, 2936.333983101067, 2021-02-26 08:48:58.470698
4327, 2936.553194364067, 2021-02-26 08:48:58.689909
4328, 2936.8347708480433, 2021-02-26 08:48:58.971485
4329, 2937.08179058705, 2021-02-26 08:48:59.218505
4330, 2937.2318926230073, 2021-02-26 08:48:59.368607
4331, 2937.4013501770096, 2021-02-26 08:48:59.538065
4332, 2937.8104721789714, 2021-02-26 08:48:59.947186
4333, 2937.949817075976, 2021-02-26 08:49:00.086532
4334, 2938.315945300972, 2021-02-26 08:49:00.452659
4335, 2939.1433509499766, 2021-02-26 08:49:01.280065
4336, 2939.915906167007, 2021-02-26 08:49:02.052619
4337, 2940.3852262400324, 2021-02-26 08:49:02.521940
4338, 2940.6096225180663, 2021-02-26 08:49:02.746337
4339, 2941.23909888498, 2021-02-26 08:49:03.375813
4340, 2943.403863019077, 2021-02-26 08:49:05.540575
4341, 2943.9540633599972, 2021-02-26 08:49:06.090777
4342, 2944.6365762409987, 2021-02-26 08:49:06.773291
4343, 2946.985942707048, 2021-02-26 08:49:09.122653
4344, 2947.573150887969, 2021-02-26 08:49:09.709865
4345, 2948.151681690011, 2021-02-26 08:49:10.288396
4346, 2948.407916237018, 2021-02-26 08:49:10.544630
4347, 2949.173216013005, 2021-02-26 08:49:11.309930
4348, 2950.201829668018, 2021-02-26 08:49:12.338543
4349, 2950.7041313149966, 2021-02-26 08:49:12.840843
4350, 2951.0566595180426, 2021-02-26 08:49:13.193372
4351, 2951.432258503977, 2021-02-26 08:49:13.568973
4352, 2951.552464522072, 2021-02-26 08:49:13.689179
4353, 2951.636234165984, 2021-02-26 08:49:13.772949
4354, 2952.268656056025, 2021-02-26 08:49:14.405368
4355, 2952.9611043350305, 2021-02-26 08:49:15.097818
4356, 2953.73389059701, 2021-02-26 08:49:15.870605
4357, 2953.850986893056, 2021-02-26 08:49:15.987701
4358, 2954.192052726983, 2021-02-26 08:49:16.328767
4359, 2957.3591067079687, 2021-02-26 08:49:19.495818
4360, 2959.9444226800697, 2021-02-26 08:49:22.081135
4361, 2960.1500175300753, 2021-02-26 08:49:22.286732
4362, 2960.4974424290704, 2021-02-26 08:49:22.634156
4363, 2962.1468114600284, 2021-02-26 08:49:24.283525
4364, 2965.834918929031, 2021-02-26 08:49:27.971632
4365, 2966.005510544055, 2021-02-26 08:49:28.142225
4366, 2969.480916411965, 2021-02-26 08:49:31.617627
4367, 2970.3407394280657, 2021-02-26 08:49:32.477453
4368, 2971.223109457991, 2021-02-26 08:49:33.359823
4369, 2971.7874623379903, 2021-02-26 08:49:33.924176
4370, 2973.020039146999, 2021-02-26 08:49:35.156753
4371, 2974.4052560210694, 2021-02-26 08:49:36.541969
4372, 2975.0481783529976, 2021-02-26 08:49:37.184892
4373, 2975.2447157880524, 2021-02-26 08:49:37.381430
4374, 2975.47091588506, 2021-02-26 08:49:37.607630
4375, 2975.5186126630288, 2021-02-26 08:49:37.655327
4376, 2975.709437035024, 2021-02-26 08:49:37.846151
4377, 2976.1563015150605, 2021-02-26 08:49:38.293015
4378, 2976.672474842053, 2021-02-26 08:49:38.809189
4379, 2976.839760143077, 2021-02-26 08:49:38.976474
4380, 2977.6012280130526, 2021-02-26 08:49:39.737940
4381, 2978.4962138349656, 2021-02-26 08:49:40.632928
4382, 2979.430416087038, 2021-02-26 08:49:41.567130
4383, 2980.135702108033, 2021-02-26 08:49:42.272415
4384, 2980.4705026650336, 2021-02-26 08:49:42.607216
4385, 2980.624502004008, 2021-02-26 08:49:42.761216
4386, 2980.760290303966, 2021-02-26 08:49:42.897005
4387, 2980.8747372890357, 2021-02-26 08:49:43.011452
4388, 2981.045229788986, 2021-02-26 08:49:43.181944
4389, 2981.9528638920747, 2021-02-26 08:49:44.089578
4390, 2982.8387214089744, 2021-02-26 08:49:44.975435
4391, 2983.334543543053, 2021-02-26 08:49:45.471258
4392, 2983.784005098045, 2021-02-26 08:49:45.920719
4393, 2983.9170144849923, 2021-02-26 08:49:46.053729
4394, 2984.4522404359886, 2021-02-26 08:49:46.588954
4395, 2984.5225124129793, 2021-02-26 08:49:46.659227
4396, 2985.0697519030655, 2021-02-26 08:49:47.206466
4397, 2985.288990271045, 2021-02-26 08:49:47.425705
4398, 2987.7595963970525, 2021-02-26 08:49:49.896310
4399, 2987.983730265987, 2021-02-26 08:49:50.120445
4400, 2988.0867627550615, 2021-02-26 08:49:50.223477
4401, 2988.0892938199686, 2021-02-26 08:49:50.226008
4402, 2988.363481756067, 2021-02-26 08:49:50.500196
4403, 2990.5931971180253, 2021-02-26 08:49:52.729910
4404, 2990.7195836979663, 2021-02-26 08:49:52.856298
4405, 2990.8820797660155, 2021-02-26 08:49:53.018794
4406, 2991.2672866539797, 2021-02-26 08:49:53.404001
4407, 2991.9762747740606, 2021-02-26 08:49:54.112989
4408, 2992.7376730460674, 2021-02-26 08:49:54.874387
4409, 2992.754826916964, 2021-02-26 08:49:54.891540
4410, 2993.1589122359874, 2021-02-26 08:49:55.295626
4411, 2993.2169172500726, 2021-02-26 08:49:55.353632
4412, 2993.8522274360294, 2021-02-26 08:49:55.988941
4413, 2995.118995910976, 2021-02-26 08:49:57.255710
4414, 2996.3098799190484, 2021-02-26 08:49:58.446593
4415, 2997.103877402027, 2021-02-26 08:49:59.240592
4416, 2998.09322951606, 2021-02-26 08:50:00.229943
4417, 2998.1411460660165, 2021-02-26 08:50:00.277860
4418, 2998.5265285000205, 2021-02-26 08:50:00.663243
4419, 2998.527120581013, 2021-02-26 08:50:00.663835
4420, 3000.0944408810465, 2021-02-26 08:50:02.231151
4421, 3000.722564114025, 2021-02-26 08:50:02.859277
4422, 3001.832281887997, 2021-02-26 08:50:03.968995
4423, 3003.3664570050314, 2021-02-26 08:50:05.503169
4424, 3003.9201997250784, 2021-02-26 08:50:06.056914
4425, 3004.064868928981, 2021-02-26 08:50:06.201583
4426, 3004.072340422077, 2021-02-26 08:50:06.209055
4427, 3005.0785160280066, 2021-02-26 08:50:07.215230
4428, 3006.129492886015, 2021-02-26 08:50:08.266207
4429, 3006.2712556429906, 2021-02-26 08:50:08.407967
4430, 3006.5430781489704, 2021-02-26 08:50:08.679792
4431, 3007.2391994440695, 2021-02-26 08:50:09.375912
4432, 3008.528210698045, 2021-02-26 08:50:10.664919
4433, 3008.543403882999, 2021-02-26 08:50:10.680118
4434, 3009.162826820044, 2021-02-26 08:50:11.299539
4435, 3010.0100932869827, 2021-02-26 08:50:12.146805
4436, 3010.0978212549817, 2021-02-26 08:50:12.234535
4437, 3010.273275375017, 2021-02-26 08:50:12.409989
4438, 3010.406595175038, 2021-02-26 08:50:12.543307
4439, 3011.343052488053, 2021-02-26 08:50:13.479766
4440, 3011.4937227850314, 2021-02-26 08:50:13.630437
4441, 3011.9870274720015, 2021-02-26 08:50:14.123742
4442, 3012.0818684389815, 2021-02-26 08:50:14.218583
4443, 3012.39430006803, 2021-02-26 08:50:14.531014
4444, 3014.057738078991, 2021-02-26 08:50:16.194449
4445, 3014.570956954034, 2021-02-26 08:50:16.707670
4446, 3016.577827553032, 2021-02-26 08:50:18.714537
4447, 3016.6160325750243, 2021-02-26 08:50:18.752747
4448, 3017.288694006973, 2021-02-26 08:50:19.425408
4449, 3017.794029598008, 2021-02-26 08:50:19.930744
4450, 3018.1943079100456, 2021-02-26 08:50:20.331021
4451, 3018.2990305830026, 2021-02-26 08:50:20.435745
4452, 3018.8180844580056, 2021-02-26 08:50:20.954798
4453, 3018.8255754320417, 2021-02-26 08:50:20.962290
4454, 3019.5308450410375, 2021-02-26 08:50:21.667555
4455, 3020.078061880078, 2021-02-26 08:50:22.214775
4456, 3020.3936192060355, 2021-02-26 08:50:22.530333
4457, 3020.518400141038, 2021-02-26 08:50:22.655115
4458, 3020.5999400350265, 2021-02-26 08:50:22.736654
4459, 3021.635860283044, 2021-02-26 08:50:23.772574
4460, 3022.455178500968, 2021-02-26 08:50:24.591893
4461, 3022.606756925001, 2021-02-26 08:50:24.743471
4462, 3023.0641322970623, 2021-02-26 08:50:25.200843
4463, 3024.6753835430136, 2021-02-26 08:50:26.812097
4464, 3024.9610605440103, 2021-02-26 08:50:27.097775
4465, 3025.132343771984, 2021-02-26 08:50:27.269058
4466, 3026.3380458770553, 2021-02-26 08:50:28.474759
4467, 3026.9572412960697, 2021-02-26 08:50:29.093955
4468, 3027.3264977800427, 2021-02-26 08:50:29.463212
4469, 3027.450456376071, 2021-02-26 08:50:29.587170
4470, 3028.978671021061, 2021-02-26 08:50:31.115382
4471, 3030.3565553639783, 2021-02-26 08:50:32.493267
4472, 3030.475096595008, 2021-02-26 08:50:32.611811
4473, 3031.3737230830593, 2021-02-26 08:50:33.510437
4474, 3031.654697517981, 2021-02-26 08:50:33.791412
4475, 3031.9490438010544, 2021-02-26 08:50:34.085758
4476, 3032.2162445250433, 2021-02-26 08:50:34.352959
4477, 3032.551628479967, 2021-02-26 08:50:34.688343
4478, 3032.6889555880334, 2021-02-26 08:50:34.825670
4479, 3033.1877581350273, 2021-02-26 08:50:35.324471
4480, 3034.464429065003, 2021-02-26 08:50:36.601143
4481, 3035.084059317014, 2021-02-26 08:50:37.220773
4482, 3035.196458679042, 2021-02-26 08:50:37.333173
4483, 3035.3017761530355, 2021-02-26 08:50:37.438491
4484, 3035.7267072940012, 2021-02-26 08:50:37.863421
4485, 3035.74370927806, 2021-02-26 08:50:37.880424
4486, 3036.18040548102, 2021-02-26 08:50:38.317119
4487, 3036.651218740968, 2021-02-26 08:50:38.787933
4488, 3036.733975925017, 2021-02-26 08:50:38.870690
4489, 3037.180308690993, 2021-02-26 08:50:39.317023
4490, 3037.299068639055, 2021-02-26 08:50:39.435783
4491, 3037.309143490973, 2021-02-26 08:50:39.445858
4492, 3038.6430935440585, 2021-02-26 08:50:40.779802
4493, 3040.3406236360315, 2021-02-26 08:50:42.477336
4494, 3042.4714452410117, 2021-02-26 08:50:44.608158
4495, 3043.5839661280625, 2021-02-26 08:50:45.720679
4496, 3044.7510181770194, 2021-02-26 08:50:46.887732
4497, 3045.3919833750697, 2021-02-26 08:50:47.528697
4498, 3045.7798682820285, 2021-02-26 08:50:47.916583
4499, 3045.919214313035, 2021-02-26 08:50:48.055929
4500, 3046.6694838340627, 2021-02-26 08:50:48.806193
4501, 3047.0805707760155, 2021-02-26 08:50:49.217285
4502, 3051.355188793037, 2021-02-26 08:50:53.491893
4503, 3051.3911241870373, 2021-02-26 08:50:53.527838
4504, 3053.3259773700265, 2021-02-26 08:50:55.462688
4505, 3053.439567391062, 2021-02-26 08:50:55.576281
4506, 3055.2518535449635, 2021-02-26 08:50:57.388567
4507, 3056.731761383009, 2021-02-26 08:50:58.868475
4508, 3057.062804957037, 2021-02-26 08:50:59.199519
4509, 3057.79588059301, 2021-02-26 08:50:59.932594
4510, 3058.2109515640186, 2021-02-26 08:51:00.347666
4511, 3058.4229215320665, 2021-02-26 08:51:00.559636
4512, 3058.9784021209925, 2021-02-26 08:51:01.115116
4513, 3059.3854901640443, 2021-02-26 08:51:01.522205
4514, 3060.0700935600325, 2021-02-26 08:51:02.206803
4515, 3060.6610896229977, 2021-02-26 08:51:02.797803
4516, 3060.7665910880314, 2021-02-26 08:51:02.903305
4517, 3060.791325540049, 2021-02-26 08:51:02.928040
4518, 3061.955451140995, 2021-02-26 08:51:04.092162
4519, 3062.7510577109642, 2021-02-26 08:51:04.887772
4520, 3063.436534511973, 2021-02-26 08:51:05.573249
4521, 3063.5777435600758, 2021-02-26 08:51:05.714458
4522, 3063.6294273299864, 2021-02-26 08:51:05.766142
4523, 3064.1168845180655, 2021-02-26 08:51:06.253599
4524, 3065.0543055100134, 2021-02-26 08:51:07.191020
4525, 3065.2325664300006, 2021-02-26 08:51:07.369281
4526, 3066.1799471440027, 2021-02-26 08:51:08.316661
4527, 3066.3816957420204, 2021-02-26 08:51:08.518410
4528, 3066.52421745006, 2021-02-26 08:51:08.660932
4529, 3068.375043662032, 2021-02-26 08:51:10.511754
4530, 3068.795026127016, 2021-02-26 08:51:10.931740
4531, 3068.823497102014, 2021-02-26 08:51:10.960212
4532, 3069.678492086008, 2021-02-26 08:51:11.815206
4533, 3070.01364609506, 2021-02-26 08:51:12.150360
4534, 3071.2048224540194, 2021-02-26 08:51:13.341536
4535, 3071.4325642010663, 2021-02-26 08:51:13.569279
4536, 3072.155918681994, 2021-02-26 08:51:14.292633
4537, 3072.6288737410214, 2021-02-26 08:51:14.765588
4538, 3074.2107468730537, 2021-02-26 08:51:16.347460
4539, 3074.8454589099856, 2021-02-26 08:51:16.982173
4540, 3076.8541695160093, 2021-02-26 08:51:18.990882
4541, 3078.8111500500236, 2021-02-26 08:51:20.947863
4542, 3079.351014701999, 2021-02-26 08:51:21.487729
4543, 3079.832919329987, 2021-02-26 08:51:21.969632
4544, 3080.2616648280527, 2021-02-26 08:51:22.398379
4545, 3081.404749441077, 2021-02-26 08:51:23.541463
4546, 3081.8710524670314, 2021-02-26 08:51:24.007767
4547, 3081.894421776058, 2021-02-26 08:51:24.031136
4548, 3082.5957720190054, 2021-02-26 08:51:24.732486
4549, 3082.7802708740346, 2021-02-26 08:51:24.916985
4550, 3082.9574733449845, 2021-02-26 08:51:25.094187
4551, 3083.4831988649676, 2021-02-26 08:51:25.619913
4552, 3084.1326958590653, 2021-02-26 08:51:26.269410
4553, 3084.66991327703, 2021-02-26 08:51:26.806628
4554, 3085.292369603063, 2021-02-26 08:51:27.429084
4555, 3085.51316934207, 2021-02-26 08:51:27.649884
4556, 3086.4066737190587, 2021-02-26 08:51:28.543388
4557, 3086.945446828031, 2021-02-26 08:51:29.082161
4558, 3087.1822835489875, 2021-02-26 08:51:29.318998
4559, 3087.572479030001, 2021-02-26 08:51:29.709193
4560, 3089.77656844398, 2021-02-26 08:51:31.913280
4561, 3091.5229556540726, 2021-02-26 08:51:33.659669
4562, 3095.1384366069688, 2021-02-26 08:51:37.275146
4563, 3095.5762814430054, 2021-02-26 08:51:37.712995
4564, 3095.6251265220344, 2021-02-26 08:51:37.761841
4565, 3095.8625476540765, 2021-02-26 08:51:37.999262
4566, 3096.1943621890387, 2021-02-26 08:51:38.331074
4567, 3097.1886631119996, 2021-02-26 08:51:39.325376
4568, 3098.852002594038, 2021-02-26 08:51:40.988716
4569, 3099.575541367987, 2021-02-26 08:51:41.712255
4570, 3100.807227952988, 2021-02-26 08:51:42.943941
4571, 3101.2523553899955, 2021-02-26 08:51:43.389069
4572, 3103.3196808909997, 2021-02-26 08:51:45.456391
4573, 3104.632534058066, 2021-02-26 08:51:46.769248
4574, 3105.5885428229813, 2021-02-26 08:51:47.725257
4575, 3105.737663528067, 2021-02-26 08:51:47.874378
4576, 3108.404256685055, 2021-02-26 08:51:50.540965
4577, 3108.5823816860793, 2021-02-26 08:51:50.719096
4578, 3109.10793661105, 2021-02-26 08:51:51.244651
4579, 3110.1678331680596, 2021-02-26 08:51:52.304547
4580, 3112.3843267649645, 2021-02-26 08:51:54.521040
4581, 3115.1945362329716, 2021-02-26 08:51:57.331247
4582, 3115.858242910006, 2021-02-26 08:51:57.994957
4583, 3116.7172014149837, 2021-02-26 08:51:58.853916
4584, 3117.279047401971, 2021-02-26 08:51:59.415761
4585, 3117.45401149604, 2021-02-26 08:51:59.590726
4586, 3117.698873055051, 2021-02-26 08:51:59.835587
4587, 3118.4300760349724, 2021-02-26 08:52:00.566790
4588, 3120.2120509060333, 2021-02-26 08:52:02.348762
4589, 3120.4801295340294, 2021-02-26 08:52:02.616844
4590, 3120.6861103120027, 2021-02-26 08:52:02.822824
4591, 3121.1493721019942, 2021-02-26 08:52:03.286086
4592, 3121.203613598016, 2021-02-26 08:52:03.340328
4593, 3121.9206999830203, 2021-02-26 08:52:04.057414
4594, 3122.6533067460405, 2021-02-26 08:52:04.790021
4595, 3123.146676309989, 2021-02-26 08:52:05.283390
4596, 3123.484171168995, 2021-02-26 08:52:05.620885
4597, 3123.7178731360473, 2021-02-26 08:52:05.854587
4598, 3124.222718302044, 2021-02-26 08:52:06.359433
4599, 3124.549160068971, 2021-02-26 08:52:06.685874
4600, 3125.7297125660116, 2021-02-26 08:52:07.866427
4601, 3125.7547658240655, 2021-02-26 08:52:07.891480
4602, 3126.8693279119907, 2021-02-26 08:52:09.006038
4603, 3126.898472224013, 2021-02-26 08:52:09.035187
4604, 3127.5786975630326, 2021-02-26 08:52:09.715406
4605, 3128.040065141977, 2021-02-26 08:52:10.176779
4606, 3128.5712821299676, 2021-02-26 08:52:10.707996
4607, 3128.7469806519803, 2021-02-26 08:52:10.883695
4608, 3129.476815199014, 2021-02-26 08:52:11.613529
4609, 3129.553626848967, 2021-02-26 08:52:11.690341
4610, 3129.775257167057, 2021-02-26 08:52:11.911971
4611, 3130.0861374969827, 2021-02-26 08:52:12.222850
4612, 3131.047601804021, 2021-02-26 08:52:13.184314
4613, 3131.127194143017, 2021-02-26 08:52:13.263908
4614, 3131.3361065670615, 2021-02-26 08:52:13.472821
4615, 3131.6292048180476, 2021-02-26 08:52:13.765918
4616, 3131.9589921310544, 2021-02-26 08:52:14.095704
4617, 3132.3465345379664, 2021-02-26 08:52:14.483248
4618, 3133.168979290058, 2021-02-26 08:52:15.305693
4619, 3133.6297357460717, 2021-02-26 08:52:15.766449
4620, 3134.013617758057, 2021-02-26 08:52:16.150332
4621, 3134.0865952749737, 2021-02-26 08:52:16.223310
4622, 3134.718378004036, 2021-02-26 08:52:16.855091
4623, 3135.062881930964, 2021-02-26 08:52:17.199596
4624, 3137.534210670041, 2021-02-26 08:52:19.670923
4625, 3140.629776429967, 2021-02-26 08:52:22.766489
4626, 3142.9028493260266, 2021-02-26 08:52:25.039562
4627, 3146.2858626120724, 2021-02-26 08:52:28.422576
4628, 3146.7342983799754, 2021-02-26 08:52:28.871013
4629, 3146.8446431460325, 2021-02-26 08:52:28.981357
4630, 3147.220692499075, 2021-02-26 08:52:29.357407
4631, 3147.868731579045, 2021-02-26 08:52:30.005445
4632, 3148.4514401130145, 2021-02-26 08:52:30.588154
4633, 3148.5632451659767, 2021-02-26 08:52:30.699959
4634, 3149.1982897269772, 2021-02-26 08:52:31.335004
4635, 3149.491656836006, 2021-02-26 08:52:31.628371
4636, 3149.8418938700343, 2021-02-26 08:52:31.978608
4637, 3151.7773259100504, 2021-02-26 08:52:33.914039
4638, 3152.4503134490224, 2021-02-26 08:52:34.587027
4639, 3152.484950231039, 2021-02-26 08:52:34.621665
4640, 3152.7704179480206, 2021-02-26 08:52:34.907132
4641, 3153.0617168890312, 2021-02-26 08:52:35.198431
4642, 3154.202728084987, 2021-02-26 08:52:36.339442
4643, 3154.586628768011, 2021-02-26 08:52:36.723343
4644, 3155.0348924410064, 2021-02-26 08:52:37.171607
4645, 3156.0914112770697, 2021-02-26 08:52:38.228125
4646, 3156.6705185730243, 2021-02-26 08:52:38.807232
4647, 3157.6517667860026, 2021-02-26 08:52:39.788480
4648, 3158.4822904090397, 2021-02-26 08:52:40.619004
4649, 3158.7448883260367, 2021-02-26 08:52:40.881603
4650, 3159.699840395013, 2021-02-26 08:52:41.836555
4651, 3159.770132403006, 2021-02-26 08:52:41.906847
4652, 3160.709849142004, 2021-02-26 08:52:42.846563
4653, 3162.2633638420375, 2021-02-26 08:52:44.400077
4654, 3162.5774524660083, 2021-02-26 08:52:44.714167
4655, 3163.900594851002, 2021-02-26 08:52:46.037308
4656, 3165.278149498976, 2021-02-26 08:52:47.414864
4657, 3165.645490466035, 2021-02-26 08:52:47.782205
4658, 3166.3092756969854, 2021-02-26 08:52:48.445989
4659, 3166.9658260260476, 2021-02-26 08:52:49.102540
4660, 3167.5343672500458, 2021-02-26 08:52:49.671082
4661, 3168.20580611506, 2021-02-26 08:52:50.342513
4662, 3168.3987192499917, 2021-02-26 08:52:50.535433
4663, 3168.589336205041, 2021-02-26 08:52:50.726050
4664, 3169.2330638440326, 2021-02-26 08:52:51.369772
4665, 3169.4009863310494, 2021-02-26 08:52:51.537700
4666, 3169.9263317090226, 2021-02-26 08:52:52.063042
4667, 3171.1058731200173, 2021-02-26 08:52:53.242585
4668, 3171.259816627018, 2021-02-26 08:52:53.396531
4669, 3171.448898609029, 2021-02-26 08:52:53.585612
4670, 3172.2450092990184, 2021-02-26 08:52:54.381719
4671, 3173.0506020530593, 2021-02-26 08:52:55.187316
4672, 3173.118727860041, 2021-02-26 08:52:55.255442
4673, 3173.959175130003, 2021-02-26 08:52:56.095889
4674, 3174.998797081993, 2021-02-26 08:52:57.135511
4675, 3176.323317175964, 2021-02-26 08:52:58.460027
4676, 3176.545248397044, 2021-02-26 08:52:58.681962
4677, 3177.4891727929935, 2021-02-26 08:52:59.625887
4678, 3177.876713525038, 2021-02-26 08:53:00.013427
4679, 3178.13903616101, 2021-02-26 08:53:00.275750
4680, 3178.880439675995, 2021-02-26 08:53:01.017154
4681, 3179.5763429630315, 2021-02-26 08:53:01.713057
4682, 3179.864873389015, 2021-02-26 08:53:02.001586
4683, 3180.0931380280526, 2021-02-26 08:53:02.229852
4684, 3180.7255796249956, 2021-02-26 08:53:02.862293
4685, 3180.7713461250532, 2021-02-26 08:53:02.908061
4686, 3181.4633712599752, 2021-02-26 08:53:03.600085
4687, 3181.9844375039684, 2021-02-26 08:53:04.121151
4688, 3185.2334852080094, 2021-02-26 08:53:07.370198
4689, 3185.563936313032, 2021-02-26 08:53:07.700651
4690, 3186.2058078959817, 2021-02-26 08:53:08.342522
4691, 3186.4412733250065, 2021-02-26 08:53:08.577988
4692, 3186.9294252890395, 2021-02-26 08:53:09.066139
4693, 3187.3409785310505, 2021-02-26 08:53:09.477693
4694, 3187.496776425047, 2021-02-26 08:53:09.633491
4695, 3188.6609113330487, 2021-02-26 08:53:10.797625
4696, 3189.948787230067, 2021-02-26 08:53:12.085501
4697, 3190.0779748599743, 2021-02-26 08:53:12.214689
4698, 3191.9988590889843, 2021-02-26 08:53:14.135573
4699, 3192.416437364067, 2021-02-26 08:53:14.553152
4700, 3192.5011992100626, 2021-02-26 08:53:14.637914
4701, 3193.735989497043, 2021-02-26 08:53:15.872703
4702, 3194.449947654037, 2021-02-26 08:53:16.586660
4703, 3194.659964999999, 2021-02-26 08:53:16.796679
4704, 3196.1424600350438, 2021-02-26 08:53:18.279174
4705, 3197.145336620044, 2021-02-26 08:53:19.282051
4706, 3197.9037205750355, 2021-02-26 08:53:20.040435
4707, 3198.296464086976, 2021-02-26 08:53:20.433178
4708, 3198.337718299008, 2021-02-26 08:53:20.474433
4709, 3198.451133665978, 2021-02-26 08:53:20.587848
4710, 3198.5033595260466, 2021-02-26 08:53:20.640074
4711, 3198.6305317480583, 2021-02-26 08:53:20.767246
4712, 3199.105669834069, 2021-02-26 08:53:21.242384
4713, 3200.2280914440053, 2021-02-26 08:53:22.364805
4714, 3202.2642617920646, 2021-02-26 08:53:24.400972
4715, 3202.289264807012, 2021-02-26 08:53:24.425979
4716, 3202.47703267599, 2021-02-26 08:53:24.613746
4717, 3202.759774717968, 2021-02-26 08:53:24.896489
4718, 3204.0783597190166, 2021-02-26 08:53:26.215073
4719, 3204.411000867025, 2021-02-26 08:53:26.547715
4720, 3204.5385728389956, 2021-02-26 08:53:26.675287
4721, 3204.9105472529773, 2021-02-26 08:53:27.047261
4722, 3205.1942201290512, 2021-02-26 08:53:27.330933
4723, 3205.8673005000455, 2021-02-26 08:53:28.004014
4724, 3207.5878534599906, 2021-02-26 08:53:29.724564
4725, 3209.4418961280026, 2021-02-26 08:53:31.578605
4726, 3210.1037865370745, 2021-02-26 08:53:32.240499
4727, 3213.461640577996, 2021-02-26 08:53:35.598347
4728, 3214.9003287430387, 2021-02-26 08:53:37.037041
4729, 3216.40875906602, 2021-02-26 08:53:38.545471
4730, 3216.6083828209667, 2021-02-26 08:53:38.745097
4731, 3217.5547610420035, 2021-02-26 08:53:39.691474
4732, 3218.431386490003, 2021-02-26 08:53:40.568100
4733, 3218.643574138987, 2021-02-26 08:53:40.780288
4734, 3218.682461876073, 2021-02-26 08:53:40.819176
4735, 3218.729052543058, 2021-02-26 08:53:40.865767
4736, 3218.8241269900464, 2021-02-26 08:53:40.960841
4737, 3220.533677753061, 2021-02-26 08:53:42.670391
4738, 3223.412702374044, 2021-02-26 08:53:45.549416
4739, 3224.347033699043, 2021-02-26 08:53:46.483747
4740, 3224.547501788009, 2021-02-26 08:53:46.684216
4741, 3225.3536806730554, 2021-02-26 08:53:47.490394
4742, 3226.085959271062, 2021-02-26 08:53:48.222673
4743, 3226.499354548054, 2021-02-26 08:53:48.636069
4744, 3226.5610108220717, 2021-02-26 08:53:48.697725
4745, 3227.1867362239864, 2021-02-26 08:53:49.323450
4746, 3227.94594433601, 2021-02-26 08:53:50.082658
4747, 3228.4692497620126, 2021-02-26 08:53:50.605964
4748, 3228.5984887920786, 2021-02-26 08:53:50.735203
4749, 3228.751476470032, 2021-02-26 08:53:50.888191
4750, 3229.707273147069, 2021-02-26 08:53:51.843987
4751, 3231.133143685991, 2021-02-26 08:53:53.269857
4752, 3231.8004834550666, 2021-02-26 08:53:53.937197
4753, 3234.816907647066, 2021-02-26 08:53:56.953621
4754, 3235.332591544022, 2021-02-26 08:53:57.469302
4755, 3236.3408656569663, 2021-02-26 08:53:58.477579
4756, 3237.845961184008, 2021-02-26 08:53:59.982674
4757, 3239.5882220870117, 2021-02-26 08:54:01.724935
4758, 3241.14897949202, 2021-02-26 08:54:03.285684
4759, 3241.377571532037, 2021-02-26 08:54:03.514286
4760, 3242.6973537550075, 2021-02-26 08:54:04.834067
4761, 3244.1507220510393, 2021-02-26 08:54:06.287435
4762, 3246.0480504640145, 2021-02-26 08:54:08.184759
4763, 3246.5838212920353, 2021-02-26 08:54:08.720535
4764, 3246.7327121359995, 2021-02-26 08:54:08.869426
4765, 3246.858899645973, 2021-02-26 08:54:08.995614
4766, 3246.9753777809674, 2021-02-26 08:54:09.112092
4767, 3247.7877431560773, 2021-02-26 08:54:09.924455
4768, 3247.993132942007, 2021-02-26 08:54:10.129847
4769, 3248.647148019052, 2021-02-26 08:54:10.783862
4770, 3251.079208450974, 2021-02-26 08:54:13.215918
4771, 3251.189961193013, 2021-02-26 08:54:13.326675
4772, 3252.582671664073, 2021-02-26 08:54:14.719384
4773, 3253.128400059999, 2021-02-26 08:54:15.265114
4774, 3253.90104493103, 2021-02-26 08:54:16.037759
4775, 3255.48012016702, 2021-02-26 08:54:17.616833
4776, 3255.6566966390237, 2021-02-26 08:54:17.793411
4777, 3255.6653015330667, 2021-02-26 08:54:17.802016
4778, 3257.3335894469637, 2021-02-26 08:54:19.470303
4779, 3257.95761396701, 2021-02-26 08:54:20.094328
4780, 3258.0009516180726, 2021-02-26 08:54:20.137666
4781, 3258.0709632149665, 2021-02-26 08:54:20.207678
4782, 3258.1421782700345, 2021-02-26 08:54:20.278893
4783, 3260.296393227065, 2021-02-26 08:54:22.433106
4784, 3260.5245551390108, 2021-02-26 08:54:22.661269
4785, 3260.724523319979, 2021-02-26 08:54:22.861238
4786, 3261.9346327859676, 2021-02-26 08:54:24.071345
4787, 3262.094474737067, 2021-02-26 08:54:24.231189
4788, 3262.7988578960067, 2021-02-26 08:54:24.935572
4789, 3263.222345723072, 2021-02-26 08:54:25.359060
4790, 3263.496833377052, 2021-02-26 08:54:25.633548
4791, 3264.214298845036, 2021-02-26 08:54:26.351013
4792, 3265.0440426350106, 2021-02-26 08:54:27.180757
4793, 3266.516163445078, 2021-02-26 08:54:28.652873
4794, 3267.1293122170027, 2021-02-26 08:54:29.266015
4795, 3267.7223783640657, 2021-02-26 08:54:29.859092
4796, 3268.16865065007, 2021-02-26 08:54:30.305364
4797, 3268.2316449329956, 2021-02-26 08:54:30.368359
4798, 3268.4834858439863, 2021-02-26 08:54:30.620200
4799, 3268.727806988056, 2021-02-26 08:54:30.864519
4800, 3269.519731982029, 2021-02-26 08:54:31.656446
4801, 3270.5430440640775, 2021-02-26 08:54:32.679756
4802, 3272.329110627994, 2021-02-26 08:54:34.465822
4803, 3272.9729979480617, 2021-02-26 08:54:35.109709
4804, 3273.007390451967, 2021-02-26 08:54:35.144105
4805, 3274.921112247044, 2021-02-26 08:54:37.057825
4806, 3275.362464399077, 2021-02-26 08:54:37.499178
4807, 3275.3767374460585, 2021-02-26 08:54:37.513452
4808, 3276.1217178690713, 2021-02-26 08:54:38.258432
4809, 3276.2195509050507, 2021-02-26 08:54:38.356265
4810, 3278.215403949027, 2021-02-26 08:54:40.352117
4811, 3278.2637680970365, 2021-02-26 08:54:40.400483
4812, 3278.9044299740344, 2021-02-26 08:54:41.041144
4813, 3279.675174725009, 2021-02-26 08:54:41.811889
4814, 3280.7304200290237, 2021-02-26 08:54:42.867133
4815, 3280.8039695200277, 2021-02-26 08:54:42.940684
4816, 3280.926288023009, 2021-02-26 08:54:43.063002
4817, 3281.670718227979, 2021-02-26 08:54:43.807431
4818, 3283.762931469013, 2021-02-26 08:54:45.899644
4819, 3283.7904437120305, 2021-02-26 08:54:45.927158
4820, 3283.8864244860597, 2021-02-26 08:54:46.023139
4821, 3284.1994960770244, 2021-02-26 08:54:46.336210
4822, 3284.2614259150578, 2021-02-26 08:54:46.398141
4823, 3285.3445122099947, 2021-02-26 08:54:47.481226
4824, 3285.8089442380005, 2021-02-26 08:54:47.945658
4825, 3286.2465592509834, 2021-02-26 08:54:48.383273
4826, 3286.3072790560545, 2021-02-26 08:54:48.443993
4827, 3287.5627287810203, 2021-02-26 08:54:49.699440
4828, 3288.447267777985, 2021-02-26 08:54:50.583974
4829, 3288.810924640042, 2021-02-26 08:54:50.947638
4830, 3288.8495195449796, 2021-02-26 08:54:50.986234
4831, 3289.0253132840153, 2021-02-26 08:54:51.162027
4832, 3289.31161848607, 2021-02-26 08:54:51.448333
4833, 3289.981803762028, 2021-02-26 08:54:52.118516
4834, 3290.258235963993, 2021-02-26 08:54:52.394950
4835, 3290.360055219964, 2021-02-26 08:54:52.496770
4836, 3290.575531473034, 2021-02-26 08:54:52.712246
4837, 3290.6270894129993, 2021-02-26 08:54:52.763804
4838, 3290.7739092870615, 2021-02-26 08:54:52.910624
4839, 3291.2708914240357, 2021-02-26 08:54:53.407605
4840, 3291.370407890063, 2021-02-26 08:54:53.507121
4841, 3291.425412265002, 2021-02-26 08:54:53.562127
4842, 3291.5569609070662, 2021-02-26 08:54:53.693675
4843, 3292.8506078149658, 2021-02-26 08:54:54.987321
4844, 3295.3813333699945, 2021-02-26 08:54:57.518047
4845, 3297.651844931999, 2021-02-26 08:54:59.788558
4846, 3297.7631101399893, 2021-02-26 08:54:59.899825
4847, 3298.111053959001, 2021-02-26 08:55:00.247768
4848, 3298.7319876160473, 2021-02-26 08:55:00.868702
4849, 3299.42460779706, 2021-02-26 08:55:01.561322
4850, 3300.3628110890277, 2021-02-26 08:55:02.499524
4851, 3300.47795340803, 2021-02-26 08:55:02.614668
4852, 3301.2959737330675, 2021-02-26 08:55:03.432687
4853, 3302.181991039077, 2021-02-26 08:55:04.318704
4854, 3302.189160331036, 2021-02-26 08:55:04.325875
4855, 3302.2505766029935, 2021-02-26 08:55:04.387291
4856, 3302.378436387051, 2021-02-26 08:55:04.515151
4857, 3303.174558770028, 2021-02-26 08:55:05.311273
4858, 3303.2940557480324, 2021-02-26 08:55:05.430770
4859, 3305.1696871870663, 2021-02-26 08:55:07.306401
4860, 3305.439237161074, 2021-02-26 08:55:07.575951
4861, 3305.9121983330697, 2021-02-26 08:55:08.048912
4862, 3307.1918938320596, 2021-02-26 08:55:09.328604
4863, 3308.1274414790096, 2021-02-26 08:55:10.264155
4864, 3308.536012137076, 2021-02-26 08:55:10.672727
4865, 3308.7164472290315, 2021-02-26 08:55:10.853162
4866, 3310.4453718570294, 2021-02-26 08:55:12.582085
4867, 3311.217645087978, 2021-02-26 08:55:13.354359
4868, 3311.549212191021, 2021-02-26 08:55:13.685926
4869, 3311.783165610046, 2021-02-26 08:55:13.919880
4870, 3312.4074621190084, 2021-02-26 08:55:14.544176
4871, 3313.1390947409673, 2021-02-26 08:55:15.275809
4872, 3313.191655272036, 2021-02-26 08:55:15.328370
4873, 3313.4538039750187, 2021-02-26 08:55:15.590518
4874, 3313.5886590150185, 2021-02-26 08:55:15.725373
4875, 3313.7983227970544, 2021-02-26 08:55:15.935037
4876, 3314.5916192959994, 2021-02-26 08:55:16.728333
4877, 3314.891455883044, 2021-02-26 08:55:17.028170
4878, 3314.9423737600446, 2021-02-26 08:55:17.079088
4879, 3314.9695940630045, 2021-02-26 08:55:17.106307
4880, 3315.8158892130014, 2021-02-26 08:55:17.952602
4881, 3318.2870405230206, 2021-02-26 08:55:20.423753
4882, 3319.197912325966, 2021-02-26 08:55:21.334626
4883, 3319.241212790017, 2021-02-26 08:55:21.377927
4884, 3319.504458173993, 2021-02-26 08:55:21.641172
4885, 3319.5332043750677, 2021-02-26 08:55:21.669919
4886, 3319.5413252590224, 2021-02-26 08:55:21.678040
4887, 3320.193503368995, 2021-02-26 08:55:22.330216
4888, 3320.2106928420253, 2021-02-26 08:55:22.347407
4889, 3320.3959006930236, 2021-02-26 08:55:22.532615
4890, 3321.4516192330047, 2021-02-26 08:55:23.588331
4891, 3321.9053267770214, 2021-02-26 08:55:24.042040
4892, 3322.037966709002, 2021-02-26 08:55:24.174681
4893, 3323.1306169050513, 2021-02-26 08:55:25.267330
4894, 3324.394774632994, 2021-02-26 08:55:26.531488
4895, 3324.94008989702, 2021-02-26 08:55:27.076804
4896, 3325.3524372170214, 2021-02-26 08:55:27.489151
4897, 3326.053979448974, 2021-02-26 08:55:28.190693
4898, 3326.3633026870666, 2021-02-26 08:55:28.500017
4899, 3327.333266371046, 2021-02-26 08:55:29.469977
4900, 3327.53197904001, 2021-02-26 08:55:29.668693
4901, 3327.6488666010555, 2021-02-26 08:55:29.785581
4902, 3327.750502967043, 2021-02-26 08:55:29.887217
4903, 3327.9153590149945, 2021-02-26 08:55:30.052073
4904, 3328.3802966770018, 2021-02-26 08:55:30.517007
4905, 3328.6928327430505, 2021-02-26 08:55:30.829547
4906, 3328.9646653890377, 2021-02-26 08:55:31.101380
4907, 3329.3089083030354, 2021-02-26 08:55:31.445622
4908, 3330.0167593950173, 2021-02-26 08:55:32.153473
4909, 3330.790740502067, 2021-02-26 08:55:32.927454
4910, 3331.719637564034, 2021-02-26 08:55:33.856350
4911, 3333.1863303029677, 2021-02-26 08:55:35.323043
4912, 3334.306077789981, 2021-02-26 08:55:36.442791
4913, 3335.113475412014, 2021-02-26 08:55:37.250189
4914, 3335.8225801429944, 2021-02-26 08:55:37.959294
4915, 3336.467381805065, 2021-02-26 08:55:38.604096
4916, 3336.782310119015, 2021-02-26 08:55:38.919023
4917, 3338.7302531630266, 2021-02-26 08:55:40.866966
4918, 3338.76649824006, 2021-02-26 08:55:40.903213
4919, 3339.0117292730138, 2021-02-26 08:55:41.148444
4920, 3339.068092119065, 2021-02-26 08:55:41.204807
4921, 3340.426179778995, 2021-02-26 08:55:42.562893
4922, 3341.267524424009, 2021-02-26 08:55:43.404238
4923, 3342.387222790974, 2021-02-26 08:55:44.523936
4924, 3342.5843352100346, 2021-02-26 08:55:44.721050
4925, 3344.7217789880233, 2021-02-26 08:55:46.858491
4926, 3345.724757140968, 2021-02-26 08:55:47.861467
4927, 3346.2285700810608, 2021-02-26 08:55:48.365284
4928, 3347.2726465320447, 2021-02-26 08:55:49.409360
4929, 3347.386231875047, 2021-02-26 08:55:49.522946
4930, 3347.4622929240577, 2021-02-26 08:55:49.599007
4931, 3347.8731501320144, 2021-02-26 08:55:50.009865
4932, 3349.7168031900655, 2021-02-26 08:55:51.853515
4933, 3349.8172220580745, 2021-02-26 08:55:51.953936
4934, 3350.286014507059, 2021-02-26 08:55:52.422726
4935, 3351.732487634057, 2021-02-26 08:55:53.869199
4936, 3352.7348455130123, 2021-02-26 08:55:54.871559
4937, 3352.841113880975, 2021-02-26 08:55:54.977828
4938, 3352.8644411640707, 2021-02-26 08:55:55.001156
4939, 3353.0400745039806, 2021-02-26 08:55:55.176789
4940, 3354.0859947460704, 2021-02-26 08:55:56.222709
4941, 3354.2976104080444, 2021-02-26 08:55:56.434325
4942, 3355.5796888300683, 2021-02-26 08:55:57.716400
4943, 3355.668821558007, 2021-02-26 08:55:57.805536
4944, 3356.7450518930564, 2021-02-26 08:55:58.881765
4945, 3357.091754638008, 2021-02-26 08:55:59.228469
4946, 3357.757616240997, 2021-02-26 08:55:59.894330
4947, 3358.1896345450077, 2021-02-26 08:56:00.326348
4948, 3358.9005581680685, 2021-02-26 08:56:01.037272
4949, 3360.3949767859885, 2021-02-26 08:56:02.531690
4950, 3360.750241665053, 2021-02-26 08:56:02.886956
4951, 3361.5320624500746, 2021-02-26 08:56:03.668775
4952, 3361.834349752986, 2021-02-26 08:56:03.971064
4953, 3362.102126409998, 2021-02-26 08:56:04.238841
4954, 3363.732761288993, 2021-02-26 08:56:05.869475
4955, 3364.20117977506, 2021-02-26 08:56:06.337894
4956, 3365.0494081199868, 2021-02-26 08:56:07.186122
4957, 3365.9568317750236, 2021-02-26 08:56:08.093546
4958, 3366.7595079400344, 2021-02-26 08:56:08.896220
4959, 3366.831672172062, 2021-02-26 08:56:08.968387
4960, 3367.408958603977, 2021-02-26 08:56:09.545673
4961, 3368.151676231995, 2021-02-26 08:56:10.288390
4962, 3369.057279436034, 2021-02-26 08:56:11.193994
4963, 3369.693046542001, 2021-02-26 08:56:11.829761
4964, 3372.1329668880207, 2021-02-26 08:56:14.269679
4965, 3372.1858402990038, 2021-02-26 08:56:14.322554
4966, 3372.9277283090632, 2021-02-26 08:56:15.064442
4967, 3373.608865353046, 2021-02-26 08:56:15.745579
4968, 3376.3038738970645, 2021-02-26 08:56:18.440587
4969, 3378.1065445800778, 2021-02-26 08:56:20.243258
4970, 3378.3255638000555, 2021-02-26 08:56:20.462278
4971, 3378.391742903972, 2021-02-26 08:56:20.528457
4972, 3378.8726443700725, 2021-02-26 08:56:21.009359
4973, 3378.94896787405, 2021-02-26 08:56:21.085682
4974, 3380.0195523080183, 2021-02-26 08:56:22.156265
4975, 3380.798915420077, 2021-02-26 08:56:22.935629
4976, 3381.2939539330546, 2021-02-26 08:56:23.430668
4977, 3381.364374937024, 2021-02-26 08:56:23.501089
4978, 3381.8064857070567, 2021-02-26 08:56:23.943200
4979, 3382.237272358034, 2021-02-26 08:56:24.373987
4980, 3382.5060527310707, 2021-02-26 08:56:24.642767
4981, 3383.059340292006, 2021-02-26 08:56:25.196051
4982, 3383.7341687809676, 2021-02-26 08:56:25.870880
4983, 3384.282758541056, 2021-02-26 08:56:26.419469
4984, 3386.9457559, 2021-02-26 08:56:29.082464
4985, 3388.446210323018, 2021-02-26 08:56:30.582922
4986, 3388.9851039670175, 2021-02-26 08:56:31.121813
4987, 3389.28153379797, 2021-02-26 08:56:31.418248
4988, 3389.894057497033, 2021-02-26 08:56:32.030772
4989, 3390.1669702529907, 2021-02-26 08:56:32.303684
4990, 3390.910327851074, 2021-02-26 08:56:33.047042
4991, 3391.381149834022, 2021-02-26 08:56:33.517864
4992, 3393.1534642110346, 2021-02-26 08:56:35.290178
4993, 3395.0174951130757, 2021-02-26 08:56:37.154209
4994, 3396.230870092986, 2021-02-26 08:56:38.367584
4995, 3397.2441391460598, 2021-02-26 08:56:39.380853
4996, 3398.128396874992, 2021-02-26 08:56:40.265106
4997, 3399.1032990950625, 2021-02-26 08:56:41.240012
4998, 3399.3672596290708, 2021-02-26 08:56:41.503974
4999, 3399.524593397975, 2021-02-26 08:56:41.661308
5000, 3400.4226204210427, 2021-02-26 08:56:42.559333
5001, 3400.8772036320297, 2021-02-26 08:56:43.013917
5002, 3401.0244803320384, 2021-02-26 08:56:43.161194
5003, 3401.6860029869713, 2021-02-26 08:56:43.822716
5004, 3403.3354351110756, 2021-02-26 08:56:45.472149
5005, 3404.000958114979, 2021-02-26 08:56:46.137667
5006, 3404.7497218600474, 2021-02-26 08:56:46.886432
5007, 3405.4924777930137, 2021-02-26 08:56:47.629188
5008, 3406.2806391080376, 2021-02-26 08:56:48.417351
5009, 3406.711736908066, 2021-02-26 08:56:48.848451
5010, 3408.7775736020412, 2021-02-26 08:56:50.914278
5011, 3409.375043221051, 2021-02-26 08:56:51.511750
5012, 3409.688823255012, 2021-02-26 08:56:51.825536
5013, 3409.7314927460393, 2021-02-26 08:56:51.868207
5014, 3410.560102125979, 2021-02-26 08:56:52.696813
5015, 3410.9230398610234, 2021-02-26 08:56:53.059754
5016, 3411.063042178983, 2021-02-26 08:56:53.199757
5017, 3411.287073075073, 2021-02-26 08:56:53.423787
5018, 3411.5572356180055, 2021-02-26 08:56:53.693950
5019, 3413.3457975609927, 2021-02-26 08:56:55.482510
5020, 3414.0231773890555, 2021-02-26 08:56:56.159891
5021, 3414.415923892986, 2021-02-26 08:56:56.552638
5022, 3414.9150035909843, 2021-02-26 08:56:57.051718
5023, 3415.2691469340352, 2021-02-26 08:56:57.405861
5024, 3416.4177376889857, 2021-02-26 08:56:58.554452
5025, 3416.8992321620462, 2021-02-26 08:56:59.035946
5026, 3417.1157604960026, 2021-02-26 08:56:59.252475
5027, 3417.9327391090337, 2021-02-26 08:57:00.069453
5028, 3419.096726421034, 2021-02-26 08:57:01.233440
5029, 3420.7322876320686, 2021-02-26 08:57:02.868995
5030, 3420.9696856630035, 2021-02-26 08:57:03.106400
5031, 3421.523685208056, 2021-02-26 08:57:03.660399
5032, 3422.1434712130576, 2021-02-26 08:57:04.280185
5033, 3422.7277705919696, 2021-02-26 08:57:04.864484
5034, 3423.1695110549917, 2021-02-26 08:57:05.306225
5035, 3423.5048030110775, 2021-02-26 08:57:05.641517
5036, 3423.9519094839925, 2021-02-26 08:57:06.088621
5037, 3424.8211229930166, 2021-02-26 08:57:06.957836
5038, 3425.332089183037, 2021-02-26 08:57:07.468804
5039, 3425.6406447190093, 2021-02-26 08:57:07.777359
5040, 3427.785630212049, 2021-02-26 08:57:09.922339
5041, 3427.846192808007, 2021-02-26 08:57:09.982907
5042, 3428.4836325299693, 2021-02-26 08:57:10.620346
5043, 3428.688046146068, 2021-02-26 08:57:10.824760
5044, 3428.6976638339693, 2021-02-26 08:57:10.834378
5045, 3428.7646648450755, 2021-02-26 08:57:10.901379
5046, 3429.8149981839815, 2021-02-26 08:57:11.951709
5047, 3431.329513538978, 2021-02-26 08:57:13.466224
5048, 3431.5844968820456, 2021-02-26 08:57:13.721211
5049, 3432.4182378160767, 2021-02-26 08:57:14.554949
5050, 3433.524987139972, 2021-02-26 08:57:15.661700
5051, 3433.5587301680353, 2021-02-26 08:57:15.695445
5052, 3433.96409287001, 2021-02-26 08:57:16.100807
5053, 3435.3739991419716, 2021-02-26 08:57:17.510712
5054, 3435.4780817470746, 2021-02-26 08:57:17.614796
5055, 3435.483059431077, 2021-02-26 08:57:17.619774
5056, 3437.5807111520553, 2021-02-26 08:57:19.717424
5057, 3437.614064151072, 2021-02-26 08:57:19.750778
5058, 3437.8204441349953, 2021-02-26 08:57:19.957158
5059, 3438.5691500430694, 2021-02-26 08:57:20.705864
5060, 3438.850600642967, 2021-02-26 08:57:20.987315
5061, 3440.5289630700136, 2021-02-26 08:57:22.665676
5062, 3441.084594647982, 2021-02-26 08:57:23.221309
5063, 3441.7860895589693, 2021-02-26 08:57:23.922803
5064, 3442.0743684370536, 2021-02-26 08:57:24.211083
5065, 3442.586905663018, 2021-02-26 08:57:24.723620
5066, 3443.486961185001, 2021-02-26 08:57:25.623675
5067, 3443.7189494980266, 2021-02-26 08:57:25.855664
5068, 3445.4132366899867, 2021-02-26 08:57:27.549950
5069, 3445.7004992529983, 2021-02-26 08:57:27.837213
5070, 3446.445611556992, 2021-02-26 08:57:28.582324
5071, 3447.3812887900276, 2021-02-26 08:57:29.518002
5072, 3448.246808961965, 2021-02-26 08:57:30.383523
5073, 3448.730432047043, 2021-02-26 08:57:30.867146
5074, 3448.9232073050225, 2021-02-26 08:57:31.059922
5075, 3449.500245567062, 2021-02-26 08:57:31.636959
5076, 3450.3546948169824, 2021-02-26 08:57:32.491408
5077, 3451.3119863040047, 2021-02-26 08:57:33.448700
5078, 3451.8202677180525, 2021-02-26 08:57:33.956981
5079, 3452.641622944968, 2021-02-26 08:57:34.778336
5080, 3453.221039085067, 2021-02-26 08:57:35.357753
5081, 3453.3511948799714, 2021-02-26 08:57:35.487909
5082, 3453.515740856994, 2021-02-26 08:57:35.652455
5083, 3453.7100396780297, 2021-02-26 08:57:35.846754
5084, 3455.0583596840734, 2021-02-26 08:57:37.195068
5085, 3455.8019691950176, 2021-02-26 08:57:37.938683
5086, 3457.0775540759787, 2021-02-26 08:57:39.214267
5087, 3457.082216173061, 2021-02-26 08:57:39.218931
5088, 3457.633168091066, 2021-02-26 08:57:39.769882
5089, 3457.986097980989, 2021-02-26 08:57:40.122812
5090, 3458.198725566035, 2021-02-26 08:57:40.335439
5091, 3458.543828270049, 2021-02-26 08:57:40.680543
5092, 3459.2110608930234, 2021-02-26 08:57:41.347774
5093, 3460.7692010480678, 2021-02-26 08:57:42.905910
5094, 3461.5487113010604, 2021-02-26 08:57:43.685424
5095, 3461.624231148977, 2021-02-26 08:57:43.760945
5096, 3461.7068171959836, 2021-02-26 08:57:43.843532
5097, 3462.4934887940763, 2021-02-26 08:57:44.630203
5098, 3462.66554248007, 2021-02-26 08:57:44.802257
5099, 3462.735594245023, 2021-02-26 08:57:44.872309
5100, 3462.9362812960753, 2021-02-26 08:57:45.072996
5101, 3462.978440089966, 2021-02-26 08:57:45.115154
5102, 3463.712963119964, 2021-02-26 08:57:45.849677
5103, 3463.897689139005, 2021-02-26 08:57:46.034402
5104, 3464.327777936007, 2021-02-26 08:57:46.464491
5105, 3464.7545133520616, 2021-02-26 08:57:46.891227
5106, 3465.4142366499873, 2021-02-26 08:57:47.550950
5107, 3468.4171711250674, 2021-02-26 08:57:50.553880
5108, 3468.4730745289708, 2021-02-26 08:57:50.609788
5109, 3469.6392161550466, 2021-02-26 08:57:51.775929
5110, 3470.2347349260235, 2021-02-26 08:57:52.371448
5111, 3471.031661510002, 2021-02-26 08:57:53.168375
5112, 3471.4208445430268, 2021-02-26 08:57:53.557559
5113, 3471.560088015045, 2021-02-26 08:57:53.696802
5114, 3472.932325029047, 2021-02-26 08:57:55.069038
5115, 3473.635537479073, 2021-02-26 08:57:55.772251
5116, 3473.7831476450665, 2021-02-26 08:57:55.919862
5117, 3475.5680150940316, 2021-02-26 08:57:57.704729
5118, 3477.5001471569994, 2021-02-26 08:57:59.636861
5119, 3477.7495858729817, 2021-02-26 08:57:59.886300
5120, 3478.7438061380526, 2021-02-26 08:58:00.880519
5121, 3480.006119041005, 2021-02-26 08:58:02.142833
5122, 3480.052160113002, 2021-02-26 08:58:02.188874
5123, 3483.342041832977, 2021-02-26 08:58:05.478754
5124, 3483.741605906049, 2021-02-26 08:58:05.878320
5125, 3489.59287404106, 2021-02-26 08:58:11.729585
5126, 3489.676822801004, 2021-02-26 08:58:11.813537
5127, 3489.8554255430354, 2021-02-26 08:58:11.992140
5128, 3490.3460831450066, 2021-02-26 08:58:12.482797
5129, 3490.391615485074, 2021-02-26 08:58:12.528330
5130, 3490.4364173939684, 2021-02-26 08:58:12.573132
5131, 3490.8862391590374, 2021-02-26 08:58:13.022953
5132, 3494.0944607320707, 2021-02-26 08:58:16.231174
5133, 3494.5035071030725, 2021-02-26 08:58:16.640221
5134, 3494.948173112003, 2021-02-26 08:58:17.084887
5135, 3495.2156988329953, 2021-02-26 08:58:17.352413
5136, 3497.587218787987, 2021-02-26 08:58:19.723933
5137, 3497.668397580972, 2021-02-26 08:58:19.805112
5138, 3498.393723375979, 2021-02-26 08:58:20.530437
5139, 3499.290924872039, 2021-02-26 08:58:21.427639
5140, 3500.058016853989, 2021-02-26 08:58:22.194731
5141, 3500.307218514965, 2021-02-26 08:58:22.443933
5142, 3500.6269927059766, 2021-02-26 08:58:22.763707
5143, 3500.6736086179735, 2021-02-26 08:58:22.810323
5144, 3501.2911602520617, 2021-02-26 08:58:23.427874
5145, 3501.3974549389677, 2021-02-26 08:58:23.534169
5146, 3502.2891157229897, 2021-02-26 08:58:24.425830
5147, 3503.037222453044, 2021-02-26 08:58:25.173936
5148, 3503.547951595043, 2021-02-26 08:58:25.684666
5149, 3505.75937022001, 2021-02-26 08:58:27.896083
5150, 3507.263914108975, 2021-02-26 08:58:29.400628
5151, 3507.759015526972, 2021-02-26 08:58:29.895730
5152, 3507.8341848599957, 2021-02-26 08:58:29.970899
5153, 3508.838339430047, 2021-02-26 08:58:30.975053
5154, 3508.9070900509832, 2021-02-26 08:58:31.043804
5155, 3508.9438114840304, 2021-02-26 08:58:31.080526
5156, 3510.4777641450055, 2021-02-26 08:58:32.614478
5157, 3510.732563326019, 2021-02-26 08:58:32.869278
5158, 3513.2275978510734, 2021-02-26 08:58:35.364307
5159, 3513.2636384819634, 2021-02-26 08:58:35.400353
5160, 3513.8358907840448, 2021-02-26 08:58:35.972605
5161, 3515.573883251054, 2021-02-26 08:58:37.710597
5162, 3515.690670551965, 2021-02-26 08:58:37.827385
5163, 3516.330857638037, 2021-02-26 08:58:38.467572
5164, 3516.481403316022, 2021-02-26 08:58:38.618118
5165, 3516.8583668440115, 2021-02-26 08:58:38.995081
5166, 3518.0633802600205, 2021-02-26 08:58:40.200094
5167, 3518.399979923968, 2021-02-26 08:58:40.536694
5168, 3518.9971485469723, 2021-02-26 08:58:41.133863
5169, 3519.6578797970433, 2021-02-26 08:58:41.794594
5170, 3519.942555743037, 2021-02-26 08:58:42.079270
5171, 3521.1661214330234, 2021-02-26 08:58:43.302834
5172, 3521.417551398976, 2021-02-26 08:58:43.554266
5173, 3522.123691322049, 2021-02-26 08:58:44.260404
5174, 3522.300542833982, 2021-02-26 08:58:44.437257
5175, 3522.411995494971, 2021-02-26 08:58:44.548710
5176, 3522.4970551020233, 2021-02-26 08:58:44.633770
5177, 3522.7318380500656, 2021-02-26 08:58:44.868553
5178, 3524.9949789560633, 2021-02-26 08:58:47.131688
5179, 3525.5660339799942, 2021-02-26 08:58:47.702748
5180, 3528.0463177190395, 2021-02-26 08:58:50.183022
5181, 3529.6359019860392, 2021-02-26 08:58:51.772609
5182, 3531.0812396389665, 2021-02-26 08:58:53.217952
5183, 3533.484854232054, 2021-02-26 08:58:55.621563
5184, 3533.857169231982, 2021-02-26 08:58:55.993883
5185, 3534.2073331340216, 2021-02-26 08:58:56.344047
5186, 3534.586012104992, 2021-02-26 08:58:56.722726
5187, 3534.7768086650176, 2021-02-26 08:58:56.913523
5188, 3535.81469094404, 2021-02-26 08:58:57.951405
5189, 3536.0968483419856, 2021-02-26 08:58:58.233562
5190, 3536.3097506850027, 2021-02-26 08:58:58.446465
5191, 3536.403520995984, 2021-02-26 08:58:58.540235
5192, 3536.4305323719746, 2021-02-26 08:58:58.567247
5193, 3537.8017817030195, 2021-02-26 08:58:59.938493
5194, 3538.632515805075, 2021-02-26 08:59:00.769228
5195, 3538.701441736077, 2021-02-26 08:59:00.838156
5196, 3539.2029449089896, 2021-02-26 08:59:01.339659
5197, 3539.2330717439763, 2021-02-26 08:59:01.369786
5198, 3541.3080969749717, 2021-02-26 08:59:03.444801
5199, 3541.7210258300183, 2021-02-26 08:59:03.857739
5200, 3543.378876209026, 2021-02-26 08:59:05.515584
5201, 3543.7403244500747, 2021-02-26 08:59:05.877038
5202, 3546.508106059977, 2021-02-26 08:59:08.644819
5203, 3548.065658875974, 2021-02-26 08:59:10.202370
5204, 3548.686651495984, 2021-02-26 08:59:10.823365
5205, 3549.8289134840015, 2021-02-26 08:59:11.965626
5206, 3550.9802658900153, 2021-02-26 08:59:13.116978
5207, 3551.5151355540147, 2021-02-26 08:59:13.651849
5208, 3552.397740771994, 2021-02-26 08:59:14.534454
5209, 3554.8043063629884, 2021-02-26 08:59:16.941019
5210, 3554.9358318069717, 2021-02-26 08:59:17.072546
5211, 3555.0893123879796, 2021-02-26 08:59:17.226026
5212, 3555.3213007360464, 2021-02-26 08:59:17.458015
5213, 3555.3766511650756, 2021-02-26 08:59:17.513365
5214, 3556.951170834014, 2021-02-26 08:59:19.087884
5215, 3557.7431585870218, 2021-02-26 08:59:19.879873
5216, 3558.1579080329975, 2021-02-26 08:59:20.294622
5217, 3558.3567112149904, 2021-02-26 08:59:20.493425
5218, 3559.2457969350507, 2021-02-26 08:59:21.382511
5219, 3559.5745692750206, 2021-02-26 08:59:21.711284
5220, 3560.4292057050625, 2021-02-26 08:59:22.565918
5221, 3562.1443416749826, 2021-02-26 08:59:24.281054
5222, 3563.607900909963, 2021-02-26 08:59:25.744614
5223, 3564.347213105997, 2021-02-26 08:59:26.483924
5224, 3564.6770881820703, 2021-02-26 08:59:26.813802
5225, 3565.0143543590093, 2021-02-26 08:59:27.151069
5226, 3567.2277865289943, 2021-02-26 08:59:29.364496
5227, 3567.467994958977, 2021-02-26 08:59:29.604709
5228, 3567.5919367310125, 2021-02-26 08:59:29.728651
5229, 3568.6322460679803, 2021-02-26 08:59:30.768957
5230, 3568.9973192519974, 2021-02-26 08:59:31.134033
5231, 3569.6963867850136, 2021-02-26 08:59:31.833101
5232, 3569.7209074660204, 2021-02-26 08:59:31.857622
5233, 3570.817403511028, 2021-02-26 08:59:32.954116
5234, 3571.036145664053, 2021-02-26 08:59:33.172860
5235, 3572.366721568047, 2021-02-26 08:59:34.503428
5236, 3573.035071850056, 2021-02-26 08:59:35.171784
5237, 3573.197979658027, 2021-02-26 08:59:35.334694
5238, 3573.374602130032, 2021-02-26 08:59:35.511316
5239, 3573.7704951340565, 2021-02-26 08:59:35.907209
5240, 3575.9803021369735, 2021-02-26 08:59:38.117015
5241, 3577.5520181689644, 2021-02-26 08:59:39.688729
5242, 3577.7745979330502, 2021-02-26 08:59:39.911310
5243, 3577.782391118002, 2021-02-26 08:59:39.919106
5244, 3578.536760612973, 2021-02-26 08:59:40.673474
5245, 3579.8014140049927, 2021-02-26 08:59:41.938125
5246, 3579.850149892969, 2021-02-26 08:59:41.986864
5247, 3579.8977479130263, 2021-02-26 08:59:42.034462
5248, 3580.2738784570247, 2021-02-26 08:59:42.410591
5249, 3580.500096966047, 2021-02-26 08:59:42.636811
5250, 3580.891307631042, 2021-02-26 08:59:43.028022
5251, 3581.6918765780283, 2021-02-26 08:59:43.828590
5252, 3581.861006747, 2021-02-26 08:59:43.997721
5253, 3582.1243342900416, 2021-02-26 08:59:44.261049
5254, 3582.2018663330236, 2021-02-26 08:59:44.338581
5255, 3583.358093768009, 2021-02-26 08:59:45.494806
5256, 3584.4680759160547, 2021-02-26 08:59:46.604789
5257, 3584.629912983044, 2021-02-26 08:59:46.766627
5258, 3585.245678446023, 2021-02-26 08:59:47.382392
5259, 3586.2344075490255, 2021-02-26 08:59:48.371121
5260, 3586.5986618549796, 2021-02-26 08:59:48.735376
5261, 3588.4888249060605, 2021-02-26 08:59:50.625539
5262, 3588.739094770979, 2021-02-26 08:59:50.875809
5263, 3589.1642967680236, 2021-02-26 08:59:51.301011
5264, 3589.349085101043, 2021-02-26 08:59:51.485799
5265, 3589.741432446055, 2021-02-26 08:59:51.878147
5266, 3591.149567077984, 2021-02-26 08:59:53.286279
5267, 3593.001769919996, 2021-02-26 08:59:55.138483
5268, 3595.38578094705, 2021-02-26 08:59:57.522494
5269, 3595.829320629011, 2021-02-26 08:59:57.966035
5270, 3595.9828119659796, 2021-02-26 08:59:58.119526
5271, 3597.1601807280676, 2021-02-26 08:59:59.296895
5272, 3597.596325292019, 2021-02-26 08:59:59.733040
5273, 3597.6763377679745, 2021-02-26 08:59:59.813052
5274, 3599.6942301490344, 2021-02-26 09:00:01.830942
